226	1566154320000	vq1M3YasT93S06PR9e75HiKpehPizxDE9NH/t7yv9ai713ANLh7dpf5GGeFQ55Pu	1	1	0505	127.02801388888889	37.498063888888886	640	640	1	305	306
227	1566154323000	vq1M3YasT93S06PR9e75HiKpehPizxDE9NH/t7yv9ai713ANLh7dpf5GGeFQ55Pu	1	1	0505	127.02801388888889	37.498063888888886	640	640	1	305	306
228	1566154326000	vq1M3YasT93S06PR9e75HiKpehPizxDE9NH/t7yv9ai713ANLh7dpf5GGeFQ55Pu	1	1	0505	127.02801388888889	37.498063888888886	640	640	1	305	306
229	1566154329000	vq1M3YasT93S06PR9e75HiKpehPizxDE9NH/t7yv9ai713ANLh7dpf5GGeFQ55Pu	1	1	0505	127.02801388888889	37.498063888888886	640	640	1	305	306
230	1566154332000	vq1M3YasT93S06PR9e75HiKpehPizxDE9NH/t7yv9ai713ANLh7dpf5GGeFQ55Pu	1	1	0505	127.02781666666667	37.497997222222224	640	640	1	281	292
231	1566154335000	vq1M3YasT93S06PR9e75HiKpehPizxDE9NH/t7yv9ai713ANLh7dpf5GGeFQ55Pu	1	1	0504	127.02753055555556	37.49791666666667	640	640	1	247	275
232	1566154338000	vq1M3YasT93S06PR9e75HiKpehPizxDE9NH/t7yv9ai713ANLh7dpf5GGeFQ55Pu	1	1	0403	127.02719444444445	37.49781388888889	640	640	1	207	254
233	1566154341000	vq1M3YasT93S06PR9e75HiKpehPizxDE9NH/t7yv9ai713ANLh7dpf5GGeFQ55Pu	1	1	0402	127.02677222222222	37.49768611111111	640	640	1	156	228
234	1566154344000	vq1M3YasT93S06PR9e75HiKpehPizxDE9NH/t7yv9ai713ANLh7dpf5GGeFQ55Pu	1	1	0301	127.0263138888889	37.49755277777778	640	640	1	101	201
235	1566154347000	vq1M3YasT93S06PR9e75HiKpehPizxDE9NH/t7yv9ai713ANLh7dpf5GGeFQ55Pu	1	1	0301	127.02591111111111	37.497436111111114	640	640	1	53	177
236	1566154350000	vq1M3YasT93S06PR9e75HiKpehPizxDE9NH/t7yv9ai713ANLh7dpf5GGeFQ55Pu	1	1	0200	127.02555	37.497325	640	640	1	10	154
237	1566159420000	neC7AdZcrl3FEQ0Fhwc+/kgToZx2E5gxdfCNMaFfXi+KTILL4lvfr7Y59bpZ+DdZ	1	1	0606	127.02832777777778	37.49817222222222	640	640	1	343	328
238	1566159423000	neC7AdZcrl3FEQ0Fhwc+/kgToZx2E5gxdfCNMaFfXi+KTILL4lvfr7Y59bpZ+DdZ	1	1	0607	127.0287	37.49828333333333	640	640	1	387	351
239	1566159426000	neC7AdZcrl3FEQ0Fhwc+/kgToZx2E5gxdfCNMaFfXi+KTILL4lvfr7Y59bpZ+DdZ	1	1	0708	127.0290888888889	37.49840555555556	640	640	1	434	376
240	1566159429000	neC7AdZcrl3FEQ0Fhwc+/kgToZx2E5gxdfCNMaFfXi+KTILL4lvfr7Y59bpZ+DdZ	1	1	0709	127.02954166666666	37.49854722222222	640	640	1	488	405
241	1566159432000	neC7AdZcrl3FEQ0Fhwc+/kgToZx2E5gxdfCNMaFfXi+KTILL4lvfr7Y59bpZ+DdZ	1	1	0810	127.02995277777778	37.498675	640	640	1	538	431
242	1566159435000	neC7AdZcrl3FEQ0Fhwc+/kgToZx2E5gxdfCNMaFfXi+KTILL4lvfr7Y59bpZ+DdZ	1	1	0810	127.03031388888888	37.49878888888889	640	640	1	581	455
243	1566159438000	neC7AdZcrl3FEQ0Fhwc+/kgToZx2E5gxdfCNMaFfXi+KTILL4lvfr7Y59bpZ+DdZ	1	1	0811	127.03060277777777	37.498875	640	640	1	615	472
244	1566159441000	neC7AdZcrl3FEQ0Fhwc+/kgToZx2E5gxdfCNMaFfXi+KTILL4lvfr7Y59bpZ+DdZ	1	1	0911	127.03076388888888	37.498925	640	640	1	635	483
245	1566159444000	neC7AdZcrl3FEQ0Fhwc+/kgToZx2E5gxdfCNMaFfXi+KTILL4lvfr7Y59bpZ+DdZ	1	1	0911	127.03077777777777	37.49893055555555	640	640	1	636	484
246	1566159447000	neC7AdZcrl3FEQ0Fhwc+/kgToZx2E5gxdfCNMaFfXi+KTILL4lvfr7Y59bpZ+DdZ	1	1	0911	127.03077777777777	37.49893055555555	640	640	1	636	484
247	1566159450000	neC7AdZcrl3FEQ0Fhwc+/kgToZx2E5gxdfCNMaFfXi+KTILL4lvfr7Y59bpZ+DdZ	1	1	0911	127.03077777777777	37.49893055555555	640	640	1	636	484
248	1566159453000	neC7AdZcrl3FEQ0Fhwc+/kgToZx2E5gxdfCNMaFfXi+KTILL4lvfr7Y59bpZ+DdZ	1	1	0911	127.03077777777777	37.49893055555555	640	640	1	636	484
249	1566159456000	neC7AdZcrl3FEQ0Fhwc+/kgToZx2E5gxdfCNMaFfXi+KTILL4lvfr7Y59bpZ+DdZ	1	1	0911	127.03077777777777	37.49893055555555	640	640	1	636	484
250	1566159459000	neC7AdZcrl3FEQ0Fhwc+/kgToZx2E5gxdfCNMaFfXi+KTILL4lvfr7Y59bpZ+DdZ	1	1	0911	127.03077777777777	37.49893055555555	640	640	1	636	484
251	1566159462000	neC7AdZcrl3FEQ0Fhwc+/kgToZx2E5gxdfCNMaFfXi+KTILL4lvfr7Y59bpZ+DdZ	1	1	0911	127.03077777777777	37.49893055555555	640	640	1	636	484
252	1566159465000	neC7AdZcrl3FEQ0Fhwc+/kgToZx2E5gxdfCNMaFfXi+KTILL4lvfr7Y59bpZ+DdZ	1	1	0911	127.03077777777777	37.49893055555555	640	640	1	636	484
253	1566159468000	neC7AdZcrl3FEQ0Fhwc+/kgToZx2E5gxdfCNMaFfXi+KTILL4lvfr7Y59bpZ+DdZ	1	1	0911	127.03077777777777	37.49893055555555	640	640	1	636	484
254	1566159471000	neC7AdZcrl3FEQ0Fhwc+/kgToZx2E5gxdfCNMaFfXi+KTILL4lvfr7Y59bpZ+DdZ	1	1	0911	127.03077777777777	37.49893055555555	640	640	1	636	484
255	1566159474000	neC7AdZcrl3FEQ0Fhwc+/kgToZx2E5gxdfCNMaFfXi+KTILL4lvfr7Y59bpZ+DdZ	1	1	0911	127.03077777777777	37.49893055555555	640	640	1	636	484
256	1566159477000	neC7AdZcrl3FEQ0Fhwc+/kgToZx2E5gxdfCNMaFfXi+KTILL4lvfr7Y59bpZ+DdZ	1	1	0911	127.03077777777777	37.49893055555555	640	640	1	636	484
257	1566161400000	vq1M3YasT93S06PR9e75HiKpehPizxDE9NH/t7yv9ai713ANLh7dpf5GGeFQ55Pu	1	1	0810	127.03026944444444	37.498775	640	640	1	576	452
258	1566161403000	vq1M3YasT93S06PR9e75HiKpehPizxDE9NH/t7yv9ai713ANLh7dpf5GGeFQ55Pu	1	1	0810	127.03026944444444	37.498775	640	640	1	576	452
259	1566161406000	vq1M3YasT93S06PR9e75HiKpehPizxDE9NH/t7yv9ai713ANLh7dpf5GGeFQ55Pu	1	1	0810	127.03026944444444	37.498775	640	640	1	576	452
260	1566161409000	vq1M3YasT93S06PR9e75HiKpehPizxDE9NH/t7yv9ai713ANLh7dpf5GGeFQ55Pu	1	1	0810	127.03026944444444	37.498775	640	640	1	576	452
261	1566161412000	vq1M3YasT93S06PR9e75HiKpehPizxDE9NH/t7yv9ai713ANLh7dpf5GGeFQ55Pu	1	1	0810	127.03026944444444	37.498775	640	640	1	576	452
262	1566161415000	vq1M3YasT93S06PR9e75HiKpehPizxDE9NH/t7yv9ai713ANLh7dpf5GGeFQ55Pu	1	1	0810	127.03026944444444	37.498775	640	640	1	576	452
263	1566161418000	vq1M3YasT93S06PR9e75HiKpehPizxDE9NH/t7yv9ai713ANLh7dpf5GGeFQ55Pu	1	1	0810	127.03026944444444	37.498775	640	640	1	576	452
264	1566161421000	vq1M3YasT93S06PR9e75HiKpehPizxDE9NH/t7yv9ai713ANLh7dpf5GGeFQ55Pu	1	1	0810	127.03026944444444	37.498775	640	640	1	576	452
265	1566161424000	vq1M3YasT93S06PR9e75HiKpehPizxDE9NH/t7yv9ai713ANLh7dpf5GGeFQ55Pu	1	1	0810	127.03026944444444	37.498775	640	640	1	576	452
266	1566161427000	vq1M3YasT93S06PR9e75HiKpehPizxDE9NH/t7yv9ai713ANLh7dpf5GGeFQ55Pu	1	1	0810	127.03030833333334	37.49878611111111	640	640	1	580	454
267	1566161430000	vq1M3YasT93S06PR9e75HiKpehPizxDE9NH/t7yv9ai713ANLh7dpf5GGeFQ55Pu	1	1	0811	127.03063333333333	37.49888611111111	640	640	1	619	475
357	1566159120000	NkkKCg39xbLVQNL1msLIohdtLeIcbBAZYo3wYJVO4dYiCzRsBv29RzK1mNUKI0TL	1	1	0505	127.02796388888889	37.49804722222222	640	640	1	299	302
358	1566159123000	NkkKCg39xbLVQNL1msLIohdtLeIcbBAZYo3wYJVO4dYiCzRsBv29RzK1mNUKI0TL	1	1	0505	127.02788611111112	37.498019444444445	640	640	1	290	296
359	1566159126000	NkkKCg39xbLVQNL1msLIohdtLeIcbBAZYo3wYJVO4dYiCzRsBv29RzK1mNUKI0TL	1	1	0505	127.02771666666666	37.49796944444444	640	640	1	269	286
360	1566159129000	NkkKCg39xbLVQNL1msLIohdtLeIcbBAZYo3wYJVO4dYiCzRsBv29RzK1mNUKI0TL	1	1	0404	127.027675	37.497844444444446	640	640	1	264	261
361	1566159132000	NkkKCg39xbLVQNL1msLIohdtLeIcbBAZYo3wYJVO4dYiCzRsBv29RzK1mNUKI0TL	1	1	0405	127.02776944444444	37.49764722222222	640	640	1	276	220
362	1566159135000	NkkKCg39xbLVQNL1msLIohdtLeIcbBAZYo3wYJVO4dYiCzRsBv29RzK1mNUKI0TL	1	1	0305	127.02787222222223	37.49743055555555	640	640	1	288	175
363	1566159138000	NkkKCg39xbLVQNL1msLIohdtLeIcbBAZYo3wYJVO4dYiCzRsBv29RzK1mNUKI0TL	1	1	0205	127.02794722222222	37.49727222222222	640	640	1	297	143
364	1566159141000	NkkKCg39xbLVQNL1msLIohdtLeIcbBAZYo3wYJVO4dYiCzRsBv29RzK1mNUKI0TL	1	1	0105	127.02804444444445	37.49707222222222	640	640	1	309	102
365	1566159144000	NkkKCg39xbLVQNL1msLIohdtLeIcbBAZYo3wYJVO4dYiCzRsBv29RzK1mNUKI0TL	1	1	0105	127.02809722222223	37.49696111111111	640	640	1	315	79
366	1566159147000	NkkKCg39xbLVQNL1msLIohdtLeIcbBAZYo3wYJVO4dYiCzRsBv29RzK1mNUKI0TL	1	1	0105	127.02809722222223	37.49696111111111	640	640	1	315	79
367	1566159150000	NkkKCg39xbLVQNL1msLIohdtLeIcbBAZYo3wYJVO4dYiCzRsBv29RzK1mNUKI0TL	1	1	0105	127.02809722222223	37.49696111111111	640	640	1	315	79
368	1566159153000	NkkKCg39xbLVQNL1msLIohdtLeIcbBAZYo3wYJVO4dYiCzRsBv29RzK1mNUKI0TL	1	1	0105	127.02809722222223	37.49696111111111	640	640	1	315	79
369	1566159156000	NkkKCg39xbLVQNL1msLIohdtLeIcbBAZYo3wYJVO4dYiCzRsBv29RzK1mNUKI0TL	1	1	0105	127.02809722222223	37.49696111111111	640	640	1	315	79
370	1566159159000	NkkKCg39xbLVQNL1msLIohdtLeIcbBAZYo3wYJVO4dYiCzRsBv29RzK1mNUKI0TL	1	1	0105	127.02809722222223	37.49696111111111	640	640	1	315	79
371	1566159162000	NkkKCg39xbLVQNL1msLIohdtLeIcbBAZYo3wYJVO4dYiCzRsBv29RzK1mNUKI0TL	1	1	0105	127.02809722222223	37.49696111111111	640	640	1	315	79
372	1566159165000	NkkKCg39xbLVQNL1msLIohdtLeIcbBAZYo3wYJVO4dYiCzRsBv29RzK1mNUKI0TL	1	1	0105	127.02809722222223	37.49696111111111	640	640	1	315	79
373	1566159168000	NkkKCg39xbLVQNL1msLIohdtLeIcbBAZYo3wYJVO4dYiCzRsBv29RzK1mNUKI0TL	1	1	0105	127.02809722222223	37.49696111111111	640	640	1	315	79
374	1566159171000	NkkKCg39xbLVQNL1msLIohdtLeIcbBAZYo3wYJVO4dYiCzRsBv29RzK1mNUKI0TL	1	1	0105	127.02809722222223	37.49696111111111	640	640	1	315	79
375	1566159174000	NkkKCg39xbLVQNL1msLIohdtLeIcbBAZYo3wYJVO4dYiCzRsBv29RzK1mNUKI0TL	1	1	0105	127.02809722222223	37.49696111111111	640	640	1	315	79
376	1566159177000	NkkKCg39xbLVQNL1msLIohdtLeIcbBAZYo3wYJVO4dYiCzRsBv29RzK1mNUKI0TL	1	1	0105	127.02809722222223	37.49696111111111	640	640	1	315	79
377	1566159318000	neC7AdZcrl3FEQ0Fhwc+/kgToZx2E5gxdfCNMaFfXi+KTILL4lvfr7Y59bpZ+DdZ	1	1	0001	127.02625833333333	37.49670833333333	640	640	1	95	27
378	1566159321000	neC7AdZcrl3FEQ0Fhwc+/kgToZx2E5gxdfCNMaFfXi+KTILL4lvfr7Y59bpZ+DdZ	1	1	0101	127.02618055555556	37.49686944444444	640	640	1	85	60
379	1566159324000	neC7AdZcrl3FEQ0Fhwc+/kgToZx2E5gxdfCNMaFfXi+KTILL4lvfr7Y59bpZ+DdZ	1	1	0101	127.02610833333334	37.49702222222222	640	640	1	77	92
380	1566159327000	neC7AdZcrl3FEQ0Fhwc+/kgToZx2E5gxdfCNMaFfXi+KTILL4lvfr7Y59bpZ+DdZ	1	1	0201	127.02607222222223	37.4971	640	640	1	72	108
381	1566159330000	neC7AdZcrl3FEQ0Fhwc+/kgToZx2E5gxdfCNMaFfXi+KTILL4lvfr7Y59bpZ+DdZ	1	1	0201	127.02602222222222	37.49720833333333	640	640	1	66	130
382	1566159333000	neC7AdZcrl3FEQ0Fhwc+/kgToZx2E5gxdfCNMaFfXi+KTILL4lvfr7Y59bpZ+DdZ	1	1	0201	127.02598333333333	37.49728888888889	640	640	1	62	146
383	1566159336000	neC7AdZcrl3FEQ0Fhwc+/kgToZx2E5gxdfCNMaFfXi+KTILL4lvfr7Y59bpZ+DdZ	1	1	0301	127.02593333333333	37.49740277777778	640	640	1	56	170
384	1566159339000	neC7AdZcrl3FEQ0Fhwc+/kgToZx2E5gxdfCNMaFfXi+KTILL4lvfr7Y59bpZ+DdZ	1	1	0301	127.02621944444445	37.497525	640	640	1	90	195
385	1566159342000	neC7AdZcrl3FEQ0Fhwc+/kgToZx2E5gxdfCNMaFfXi+KTILL4lvfr7Y59bpZ+DdZ	1	1	0402	127.02655555555556	37.497625	640	640	1	130	215
386	1566159345000	neC7AdZcrl3FEQ0Fhwc+/kgToZx2E5gxdfCNMaFfXi+KTILL4lvfr7Y59bpZ+DdZ	1	1	0403	127.0269	37.497727777777776	640	640	1	171	237
387	1566159348000	neC7AdZcrl3FEQ0Fhwc+/kgToZx2E5gxdfCNMaFfXi+KTILL4lvfr7Y59bpZ+DdZ	1	1	0403	127.02716111111111	37.49780833333333	640	640	1	203	253
388	1566159351000	neC7AdZcrl3FEQ0Fhwc+/kgToZx2E5gxdfCNMaFfXi+KTILL4lvfr7Y59bpZ+DdZ	1	1	0404	127.02731666666666	37.49785277777778	640	640	1	221	262
389	1566159354000	neC7AdZcrl3FEQ0Fhwc+/kgToZx2E5gxdfCNMaFfXi+KTILL4lvfr7Y59bpZ+DdZ	1	1	0404	127.02731666666666	37.49785277777778	640	640	1	221	262
390	1566159357000	neC7AdZcrl3FEQ0Fhwc+/kgToZx2E5gxdfCNMaFfXi+KTILL4lvfr7Y59bpZ+DdZ	1	1	0404	127.02731666666666	37.49785277777778	640	640	1	221	262
386	1566154257000	vq1M3YasT93S06PR9e75HiKpehPizxDE9NH/t7yv9ai713ANLh7dpf5GGeFQ55Pu	1	1	0811	127.03053611111112	37.49885277777778	640	640	1	607	468
387	1566154260000	vq1M3YasT93S06PR9e75HiKpehPizxDE9NH/t7yv9ai713ANLh7dpf5GGeFQ55Pu	1	1	0810	127.030125	37.49872777777778	640	640	1	558	442
388	1566154263000	vq1M3YasT93S06PR9e75HiKpehPizxDE9NH/t7yv9ai713ANLh7dpf5GGeFQ55Pu	1	1	0709	127.02967777777778	37.49858888888889	640	640	1	505	413
389	1566154266000	vq1M3YasT93S06PR9e75HiKpehPizxDE9NH/t7yv9ai713ANLh7dpf5GGeFQ55Pu	1	1	0708	127.02921388888889	37.498441666666665	640	640	1	449	383
390	1566154269000	vq1M3YasT93S06PR9e75HiKpehPizxDE9NH/t7yv9ai713ANLh7dpf5GGeFQ55Pu	1	1	0607	127.0288	37.49831388888889	640	640	1	399	357
391	1566154272000	vq1M3YasT93S06PR9e75HiKpehPizxDE9NH/t7yv9ai713ANLh7dpf5GGeFQ55Pu	1	1	0606	127.02842222222222	37.498197222222224	640	640	1	354	333
392	1566154275000	vq1M3YasT93S06PR9e75HiKpehPizxDE9NH/t7yv9ai713ANLh7dpf5GGeFQ55Pu	1	1	0506	127.02815555555556	37.49811111111111	640	640	1	322	315
393	1566154278000	vq1M3YasT93S06PR9e75HiKpehPizxDE9NH/t7yv9ai713ANLh7dpf5GGeFQ55Pu	1	1	0505	127.02802222222222	37.498066666666666	640	640	1	306	306
394	1566154281000	vq1M3YasT93S06PR9e75HiKpehPizxDE9NH/t7yv9ai713ANLh7dpf5GGeFQ55Pu	1	1	0505	127.02801388888889	37.498063888888886	640	640	1	305	306
395	1566154284000	vq1M3YasT93S06PR9e75HiKpehPizxDE9NH/t7yv9ai713ANLh7dpf5GGeFQ55Pu	1	1	0505	127.02801388888889	37.498063888888886	640	640	1	305	306
396	1566154287000	vq1M3YasT93S06PR9e75HiKpehPizxDE9NH/t7yv9ai713ANLh7dpf5GGeFQ55Pu	1	1	0505	127.02801388888889	37.498063888888886	640	640	1	305	306
397	1566154290000	vq1M3YasT93S06PR9e75HiKpehPizxDE9NH/t7yv9ai713ANLh7dpf5GGeFQ55Pu	1	1	0505	127.02801388888889	37.498063888888886	640	640	1	305	306
398	1566154293000	vq1M3YasT93S06PR9e75HiKpehPizxDE9NH/t7yv9ai713ANLh7dpf5GGeFQ55Pu	1	1	0505	127.02801388888889	37.498063888888886	640	640	1	305	306
399	1566154296000	vq1M3YasT93S06PR9e75HiKpehPizxDE9NH/t7yv9ai713ANLh7dpf5GGeFQ55Pu	1	1	0505	127.02801388888889	37.498063888888886	640	640	1	305	306
400	1566154299000	vq1M3YasT93S06PR9e75HiKpehPizxDE9NH/t7yv9ai713ANLh7dpf5GGeFQ55Pu	1	1	0505	127.02801388888889	37.498063888888886	640	640	1	305	306
401	1566154302000	vq1M3YasT93S06PR9e75HiKpehPizxDE9NH/t7yv9ai713ANLh7dpf5GGeFQ55Pu	1	1	0505	127.02801388888889	37.498063888888886	640	640	1	305	306
402	1566154305000	vq1M3YasT93S06PR9e75HiKpehPizxDE9NH/t7yv9ai713ANLh7dpf5GGeFQ55Pu	1	1	0505	127.02801388888889	37.498063888888886	640	640	1	305	306
403	1566154308000	vq1M3YasT93S06PR9e75HiKpehPizxDE9NH/t7yv9ai713ANLh7dpf5GGeFQ55Pu	1	1	0505	127.02801388888889	37.498063888888886	640	640	1	305	306
404	1566154311000	vq1M3YasT93S06PR9e75HiKpehPizxDE9NH/t7yv9ai713ANLh7dpf5GGeFQ55Pu	1	1	0505	127.02801388888889	37.498063888888886	640	640	1	305	306
405	1566154314000	vq1M3YasT93S06PR9e75HiKpehPizxDE9NH/t7yv9ai713ANLh7dpf5GGeFQ55Pu	1	1	0505	127.02801388888889	37.498063888888886	640	640	1	305	306
406	1566154317000	vq1M3YasT93S06PR9e75HiKpehPizxDE9NH/t7yv9ai713ANLh7dpf5GGeFQ55Pu	1	1	0505	127.02801388888889	37.498063888888886	640	640	1	305	306
407	1566159093000	NkkKCg39xbLVQNL1msLIohdtLeIcbBAZYo3wYJVO4dYiCzRsBv29RzK1mNUKI0TL	1	1	0811	127.03053333333334	37.49885277777778	640	640	1	607	468
408	1566159096000	NkkKCg39xbLVQNL1msLIohdtLeIcbBAZYo3wYJVO4dYiCzRsBv29RzK1mNUKI0TL	1	1	0810	127.03004722222222	37.49870277777778	640	640	1	549	437
409	1566159099000	NkkKCg39xbLVQNL1msLIohdtLeIcbBAZYo3wYJVO4dYiCzRsBv29RzK1mNUKI0TL	1	1	0709	127.02956388888889	37.498552777777775	640	640	1	491	406
410	1566159102000	NkkKCg39xbLVQNL1msLIohdtLeIcbBAZYo3wYJVO4dYiCzRsBv29RzK1mNUKI0TL	1	1	0708	127.02908611111111	37.49840277777778	640	640	1	434	375
411	1566159105000	NkkKCg39xbLVQNL1msLIohdtLeIcbBAZYo3wYJVO4dYiCzRsBv29RzK1mNUKI0TL	1	1	0607	127.02865277777778	37.498266666666666	640	640	1	382	347
412	1566159108000	NkkKCg39xbLVQNL1msLIohdtLeIcbBAZYo3wYJVO4dYiCzRsBv29RzK1mNUKI0TL	1	1	0606	127.02828333333333	37.498155555555556	640	640	1	337	324
413	1566159111000	NkkKCg39xbLVQNL1msLIohdtLeIcbBAZYo3wYJVO4dYiCzRsBv29RzK1mNUKI0TL	1	1	0505	127.02805	37.498075	640	640	1	309	308
414	1566159114000	NkkKCg39xbLVQNL1msLIohdtLeIcbBAZYo3wYJVO4dYiCzRsBv29RzK1mNUKI0TL	1	1	0505	127.02796388888889	37.49804722222222	640	640	1	299	302
415	1566159117000	NkkKCg39xbLVQNL1msLIohdtLeIcbBAZYo3wYJVO4dYiCzRsBv29RzK1mNUKI0TL	1	1	0505	127.02796388888889	37.49804722222222	640	640	1	299	302
416	1566159360000	neC7AdZcrl3FEQ0Fhwc+/kgToZx2E5gxdfCNMaFfXi+KTILL4lvfr7Y59bpZ+DdZ	1	1	0404	127.02731666666666	37.49785277777778	640	640	1	221	262
417	1566159363000	neC7AdZcrl3FEQ0Fhwc+/kgToZx2E5gxdfCNMaFfXi+KTILL4lvfr7Y59bpZ+DdZ	1	1	0404	127.02731666666666	37.49785277777778	640	640	1	221	262
418	1566159366000	neC7AdZcrl3FEQ0Fhwc+/kgToZx2E5gxdfCNMaFfXi+KTILL4lvfr7Y59bpZ+DdZ	1	1	0404	127.02731666666666	37.49785277777778	640	640	1	221	262
419	1566159369000	neC7AdZcrl3FEQ0Fhwc+/kgToZx2E5gxdfCNMaFfXi+KTILL4lvfr7Y59bpZ+DdZ	1	1	0404	127.02731666666666	37.49785277777778	640	640	1	221	262
420	1566159372000	neC7AdZcrl3FEQ0Fhwc+/kgToZx2E5gxdfCNMaFfXi+KTILL4lvfr7Y59bpZ+DdZ	1	1	0404	127.02731666666666	37.49785277777778	640	640	1	221	262
421	1566159375000	neC7AdZcrl3FEQ0Fhwc+/kgToZx2E5gxdfCNMaFfXi+KTILL4lvfr7Y59bpZ+DdZ	1	1	0404	127.02731666666666	37.49785277777778	640	640	1	221	262
422	1566159378000	neC7AdZcrl3FEQ0Fhwc+/kgToZx2E5gxdfCNMaFfXi+KTILL4lvfr7Y59bpZ+DdZ	1	1	0404	127.02731666666666	37.49785277777778	640	640	1	221	262
423	1566159381000	neC7AdZcrl3FEQ0Fhwc+/kgToZx2E5gxdfCNMaFfXi+KTILL4lvfr7Y59bpZ+DdZ	1	1	0404	127.02731666666666	37.49785277777778	640	640	1	221	262
424	1566159384000	neC7AdZcrl3FEQ0Fhwc+/kgToZx2E5gxdfCNMaFfXi+KTILL4lvfr7Y59bpZ+DdZ	1	1	0404	127.02731666666666	37.49785277777778	640	640	1	221	262
425	1566159387000	neC7AdZcrl3FEQ0Fhwc+/kgToZx2E5gxdfCNMaFfXi+KTILL4lvfr7Y59bpZ+DdZ	1	1	0404	127.02731666666666	37.49785277777778	640	640	1	221	262
426	1566159390000	neC7AdZcrl3FEQ0Fhwc+/kgToZx2E5gxdfCNMaFfXi+KTILL4lvfr7Y59bpZ+DdZ	1	1	0404	127.02731666666666	37.49785277777778	640	640	1	221	262
427	1566159393000	neC7AdZcrl3FEQ0Fhwc+/kgToZx2E5gxdfCNMaFfXi+KTILL4lvfr7Y59bpZ+DdZ	1	1	0404	127.02731666666666	37.49785277777778	640	640	1	221	262
428	1566159396000	neC7AdZcrl3FEQ0Fhwc+/kgToZx2E5gxdfCNMaFfXi+KTILL4lvfr7Y59bpZ+DdZ	1	1	0404	127.02731666666666	37.49785277777778	640	640	1	221	262
429	1566159399000	neC7AdZcrl3FEQ0Fhwc+/kgToZx2E5gxdfCNMaFfXi+KTILL4lvfr7Y59bpZ+DdZ	1	1	0404	127.02731666666666	37.49785277777778	640	640	1	221	262
430	1566159402000	neC7AdZcrl3FEQ0Fhwc+/kgToZx2E5gxdfCNMaFfXi+KTILL4lvfr7Y59bpZ+DdZ	1	1	0404	127.02731666666666	37.49785277777778	640	640	1	221	262
431	1566159405000	neC7AdZcrl3FEQ0Fhwc+/kgToZx2E5gxdfCNMaFfXi+KTILL4lvfr7Y59bpZ+DdZ	1	1	0404	127.02731666666666	37.49785277777778	640	640	1	221	262
432	1566159408000	neC7AdZcrl3FEQ0Fhwc+/kgToZx2E5gxdfCNMaFfXi+KTILL4lvfr7Y59bpZ+DdZ	1	1	0404	127.02731666666666	37.49785277777778	640	640	1	221	262
433	1566159411000	neC7AdZcrl3FEQ0Fhwc+/kgToZx2E5gxdfCNMaFfXi+KTILL4lvfr7Y59bpZ+DdZ	1	1	0404	127.02737222222223	37.49786944444445	640	640	1	228	266
434	1566159414000	neC7AdZcrl3FEQ0Fhwc+/kgToZx2E5gxdfCNMaFfXi+KTILL4lvfr7Y59bpZ+DdZ	1	1	0504	127.0276138888889	37.49794444444444	640	640	1	257	281
435	1566159417000	neC7AdZcrl3FEQ0Fhwc+/kgToZx2E5gxdfCNMaFfXi+KTILL4lvfr7Y59bpZ+DdZ	1	1	0505	127.02794444444444	37.498041666666666	640	640	1	297	301
436	1566159480000	neC7AdZcrl3FEQ0Fhwc+/kgToZx2E5gxdfCNMaFfXi+KTILL4lvfr7Y59bpZ+DdZ	1	1	0911	127.03077777777777	37.49893055555555	640	640	1	636	484
437	1566159483000	neC7AdZcrl3FEQ0Fhwc+/kgToZx2E5gxdfCNMaFfXi+KTILL4lvfr7Y59bpZ+DdZ	1	1	0911	127.03077777777777	37.49893055555555	640	640	1	636	484
438	1566159486000	neC7AdZcrl3FEQ0Fhwc+/kgToZx2E5gxdfCNMaFfXi+KTILL4lvfr7Y59bpZ+DdZ	1	1	0911	127.03077777777777	37.49893055555555	640	640	1	636	484
439	1566161331000	vq1M3YasT93S06PR9e75HiKpehPizxDE9NH/t7yv9ai713ANLh7dpf5GGeFQ55Pu	1	1	0200	127.02555	37.49732777777778	640	640	1	10	154
440	1566161334000	vq1M3YasT93S06PR9e75HiKpehPizxDE9NH/t7yv9ai713ANLh7dpf5GGeFQ55Pu	1	1	0301	127.02597222222222	37.497455555555554	640	640	1	60	181
441	1566161337000	vq1M3YasT93S06PR9e75HiKpehPizxDE9NH/t7yv9ai713ANLh7dpf5GGeFQ55Pu	1	1	0302	127.02638055555556	37.497572222222225	640	640	1	109	205
442	1566161340000	vq1M3YasT93S06PR9e75HiKpehPizxDE9NH/t7yv9ai713ANLh7dpf5GGeFQ55Pu	1	1	0402	127.02677222222222	37.49768888888889	640	640	1	156	229
443	1566161343000	vq1M3YasT93S06PR9e75HiKpehPizxDE9NH/t7yv9ai713ANLh7dpf5GGeFQ55Pu	1	1	0403	127.02716666666667	37.49780833333333	640	640	1	203	253
444	1566161346000	vq1M3YasT93S06PR9e75HiKpehPizxDE9NH/t7yv9ai713ANLh7dpf5GGeFQ55Pu	1	1	0504	127.02758055555556	37.497933333333336	640	640	1	253	279
445	1566161349000	vq1M3YasT93S06PR9e75HiKpehPizxDE9NH/t7yv9ai713ANLh7dpf5GGeFQ55Pu	1	1	0505	127.02796388888889	37.49804722222222	640	640	1	299	302
446	1566161352000	vq1M3YasT93S06PR9e75HiKpehPizxDE9NH/t7yv9ai713ANLh7dpf5GGeFQ55Pu	1	1	0606	127.02836388888889	37.49818333333333	640	640	1	347	330
447	1566161355000	vq1M3YasT93S06PR9e75HiKpehPizxDE9NH/t7yv9ai713ANLh7dpf5GGeFQ55Pu	1	1	0607	127.02875	37.4983	640	640	1	393	354
448	1566161358000	vq1M3YasT93S06PR9e75HiKpehPizxDE9NH/t7yv9ai713ANLh7dpf5GGeFQ55Pu	1	1	0708	127.02915555555556	37.498425	640	640	1	442	380
449	1566161361000	vq1M3YasT93S06PR9e75HiKpehPizxDE9NH/t7yv9ai713ANLh7dpf5GGeFQ55Pu	1	1	0709	127.02953055555555	37.49854444444444	640	640	1	487	404
450	1566161364000	vq1M3YasT93S06PR9e75HiKpehPizxDE9NH/t7yv9ai713ANLh7dpf5GGeFQ55Pu	1	1	0709	127.02984444444445	37.498641666666664	640	640	1	525	424
451	1566161367000	vq1M3YasT93S06PR9e75HiKpehPizxDE9NH/t7yv9ai713ANLh7dpf5GGeFQ55Pu	1	1	0810	127.03009444444444	37.49871944444445	640	640	1	555	440
452	1566161370000	vq1M3YasT93S06PR9e75HiKpehPizxDE9NH/t7yv9ai713ANLh7dpf5GGeFQ55Pu	1	1	0810	127.0302138888889	37.498755555555555	640	640	1	569	448
453	1566161373000	vq1M3YasT93S06PR9e75HiKpehPizxDE9NH/t7yv9ai713ANLh7dpf5GGeFQ55Pu	1	1	0810	127.03026944444444	37.498775	640	640	1	576	452
454	1566161376000	vq1M3YasT93S06PR9e75HiKpehPizxDE9NH/t7yv9ai713ANLh7dpf5GGeFQ55Pu	1	1	0810	127.03026944444444	37.498775	640	640	1	576	452
455	1566161379000	vq1M3YasT93S06PR9e75HiKpehPizxDE9NH/t7yv9ai713ANLh7dpf5GGeFQ55Pu	1	1	0810	127.03026944444444	37.498775	640	640	1	576	452
456	1566161382000	vq1M3YasT93S06PR9e75HiKpehPizxDE9NH/t7yv9ai713ANLh7dpf5GGeFQ55Pu	1	1	0810	127.03026944444444	37.498775	640	640	1	576	452
457	1566161385000	vq1M3YasT93S06PR9e75HiKpehPizxDE9NH/t7yv9ai713ANLh7dpf5GGeFQ55Pu	1	1	0810	127.03026944444444	37.498775	640	640	1	576	452
458	1566161388000	vq1M3YasT93S06PR9e75HiKpehPizxDE9NH/t7yv9ai713ANLh7dpf5GGeFQ55Pu	1	1	0810	127.03026944444444	37.498775	640	640	1	576	452
459	1566161391000	vq1M3YasT93S06PR9e75HiKpehPizxDE9NH/t7yv9ai713ANLh7dpf5GGeFQ55Pu	1	1	0810	127.03026944444444	37.498775	640	640	1	576	452
460	1566161394000	vq1M3YasT93S06PR9e75HiKpehPizxDE9NH/t7yv9ai713ANLh7dpf5GGeFQ55Pu	1	1	0810	127.03026944444444	37.498775	640	640	1	576	452
461	1566161397000	vq1M3YasT93S06PR9e75HiKpehPizxDE9NH/t7yv9ai713ANLh7dpf5GGeFQ55Pu	1	1	0810	127.03026944444444	37.498775	640	640	1	576	452
226	1566154320000	vq1M3YasT93S06PR9e75HiKpehPizxDE9NH/t7yv9ai713ANLh7dpf5GGeFQ55Pu	1	1	0505	127.02801388888889	37.498063888888886	640	640	1	305	306
227	1566154323000	vq1M3YasT93S06PR9e75HiKpehPizxDE9NH/t7yv9ai713ANLh7dpf5GGeFQ55Pu	1	1	0505	127.02801388888889	37.498063888888886	640	640	1	305	306
228	1566154326000	vq1M3YasT93S06PR9e75HiKpehPizxDE9NH/t7yv9ai713ANLh7dpf5GGeFQ55Pu	1	1	0505	127.02801388888889	37.498063888888886	640	640	1	305	306
229	1566154329000	vq1M3YasT93S06PR9e75HiKpehPizxDE9NH/t7yv9ai713ANLh7dpf5GGeFQ55Pu	1	1	0505	127.02801388888889	37.498063888888886	640	640	1	305	306
230	1566154332000	vq1M3YasT93S06PR9e75HiKpehPizxDE9NH/t7yv9ai713ANLh7dpf5GGeFQ55Pu	1	1	0505	127.02781666666667	37.497997222222224	640	640	1	281	292
231	1566154335000	vq1M3YasT93S06PR9e75HiKpehPizxDE9NH/t7yv9ai713ANLh7dpf5GGeFQ55Pu	1	1	0504	127.02753055555556	37.49791666666667	640	640	1	247	275
232	1566154338000	vq1M3YasT93S06PR9e75HiKpehPizxDE9NH/t7yv9ai713ANLh7dpf5GGeFQ55Pu	1	1	0403	127.02719444444445	37.49781388888889	640	640	1	207	254
233	1566154341000	vq1M3YasT93S06PR9e75HiKpehPizxDE9NH/t7yv9ai713ANLh7dpf5GGeFQ55Pu	1	1	0402	127.02677222222222	37.49768611111111	640	640	1	156	228
234	1566154344000	vq1M3YasT93S06PR9e75HiKpehPizxDE9NH/t7yv9ai713ANLh7dpf5GGeFQ55Pu	1	1	0301	127.0263138888889	37.49755277777778	640	640	1	101	201
235	1566154347000	vq1M3YasT93S06PR9e75HiKpehPizxDE9NH/t7yv9ai713ANLh7dpf5GGeFQ55Pu	1	1	0301	127.02591111111111	37.497436111111114	640	640	1	53	177
236	1566154350000	vq1M3YasT93S06PR9e75HiKpehPizxDE9NH/t7yv9ai713ANLh7dpf5GGeFQ55Pu	1	1	0200	127.02555	37.497325	640	640	1	10	154
237	1566159420000	neC7AdZcrl3FEQ0Fhwc+/kgToZx2E5gxdfCNMaFfXi+KTILL4lvfr7Y59bpZ+DdZ	1	1	0606	127.02832777777778	37.49817222222222	640	640	1	343	328
238	1566159423000	neC7AdZcrl3FEQ0Fhwc+/kgToZx2E5gxdfCNMaFfXi+KTILL4lvfr7Y59bpZ+DdZ	1	1	0607	127.0287	37.49828333333333	640	640	1	387	351
239	1566159426000	neC7AdZcrl3FEQ0Fhwc+/kgToZx2E5gxdfCNMaFfXi+KTILL4lvfr7Y59bpZ+DdZ	1	1	0708	127.0290888888889	37.49840555555556	640	640	1	434	376
240	1566159429000	neC7AdZcrl3FEQ0Fhwc+/kgToZx2E5gxdfCNMaFfXi+KTILL4lvfr7Y59bpZ+DdZ	1	1	0709	127.02954166666666	37.49854722222222	640	640	1	488	405
241	1566159432000	neC7AdZcrl3FEQ0Fhwc+/kgToZx2E5gxdfCNMaFfXi+KTILL4lvfr7Y59bpZ+DdZ	1	1	0810	127.02995277777778	37.498675	640	640	1	538	431
242	1566159435000	neC7AdZcrl3FEQ0Fhwc+/kgToZx2E5gxdfCNMaFfXi+KTILL4lvfr7Y59bpZ+DdZ	1	1	0810	127.03031388888888	37.49878888888889	640	640	1	581	455
243	1566159438000	neC7AdZcrl3FEQ0Fhwc+/kgToZx2E5gxdfCNMaFfXi+KTILL4lvfr7Y59bpZ+DdZ	1	1	0811	127.03060277777777	37.498875	640	640	1	615	472
244	1566159441000	neC7AdZcrl3FEQ0Fhwc+/kgToZx2E5gxdfCNMaFfXi+KTILL4lvfr7Y59bpZ+DdZ	1	1	0911	127.03076388888888	37.498925	640	640	1	635	483
245	1566159444000	neC7AdZcrl3FEQ0Fhwc+/kgToZx2E5gxdfCNMaFfXi+KTILL4lvfr7Y59bpZ+DdZ	1	1	0911	127.03077777777777	37.49893055555555	640	640	1	636	484
246	1566159447000	neC7AdZcrl3FEQ0Fhwc+/kgToZx2E5gxdfCNMaFfXi+KTILL4lvfr7Y59bpZ+DdZ	1	1	0911	127.03077777777777	37.49893055555555	640	640	1	636	484
247	1566159450000	neC7AdZcrl3FEQ0Fhwc+/kgToZx2E5gxdfCNMaFfXi+KTILL4lvfr7Y59bpZ+DdZ	1	1	0911	127.03077777777777	37.49893055555555	640	640	1	636	484
248	1566159453000	neC7AdZcrl3FEQ0Fhwc+/kgToZx2E5gxdfCNMaFfXi+KTILL4lvfr7Y59bpZ+DdZ	1	1	0911	127.03077777777777	37.49893055555555	640	640	1	636	484
249	1566159456000	neC7AdZcrl3FEQ0Fhwc+/kgToZx2E5gxdfCNMaFfXi+KTILL4lvfr7Y59bpZ+DdZ	1	1	0911	127.03077777777777	37.49893055555555	640	640	1	636	484
250	1566159459000	neC7AdZcrl3FEQ0Fhwc+/kgToZx2E5gxdfCNMaFfXi+KTILL4lvfr7Y59bpZ+DdZ	1	1	0911	127.03077777777777	37.49893055555555	640	640	1	636	484
251	1566159462000	neC7AdZcrl3FEQ0Fhwc+/kgToZx2E5gxdfCNMaFfXi+KTILL4lvfr7Y59bpZ+DdZ	1	1	0911	127.03077777777777	37.49893055555555	640	640	1	636	484
252	1566159465000	neC7AdZcrl3FEQ0Fhwc+/kgToZx2E5gxdfCNMaFfXi+KTILL4lvfr7Y59bpZ+DdZ	1	1	0911	127.03077777777777	37.49893055555555	640	640	1	636	484
253	1566159468000	neC7AdZcrl3FEQ0Fhwc+/kgToZx2E5gxdfCNMaFfXi+KTILL4lvfr7Y59bpZ+DdZ	1	1	0911	127.03077777777777	37.49893055555555	640	640	1	636	484
254	1566159471000	neC7AdZcrl3FEQ0Fhwc+/kgToZx2E5gxdfCNMaFfXi+KTILL4lvfr7Y59bpZ+DdZ	1	1	0911	127.03077777777777	37.49893055555555	640	640	1	636	484
255	1566159474000	neC7AdZcrl3FEQ0Fhwc+/kgToZx2E5gxdfCNMaFfXi+KTILL4lvfr7Y59bpZ+DdZ	1	1	0911	127.03077777777777	37.49893055555555	640	640	1	636	484
256	1566159477000	neC7AdZcrl3FEQ0Fhwc+/kgToZx2E5gxdfCNMaFfXi+KTILL4lvfr7Y59bpZ+DdZ	1	1	0911	127.03077777777777	37.49893055555555	640	640	1	636	484
257	1566161400000	vq1M3YasT93S06PR9e75HiKpehPizxDE9NH/t7yv9ai713ANLh7dpf5GGeFQ55Pu	1	1	0810	127.03026944444444	37.498775	640	640	1	576	452
258	1566161403000	vq1M3YasT93S06PR9e75HiKpehPizxDE9NH/t7yv9ai713ANLh7dpf5GGeFQ55Pu	1	1	0810	127.03026944444444	37.498775	640	640	1	576	452
259	1566161406000	vq1M3YasT93S06PR9e75HiKpehPizxDE9NH/t7yv9ai713ANLh7dpf5GGeFQ55Pu	1	1	0810	127.03026944444444	37.498775	640	640	1	576	452
260	1566161409000	vq1M3YasT93S06PR9e75HiKpehPizxDE9NH/t7yv9ai713ANLh7dpf5GGeFQ55Pu	1	1	0810	127.03026944444444	37.498775	640	640	1	576	452
261	1566161412000	vq1M3YasT93S06PR9e75HiKpehPizxDE9NH/t7yv9ai713ANLh7dpf5GGeFQ55Pu	1	1	0810	127.03026944444444	37.498775	640	640	1	576	452
262	1566161415000	vq1M3YasT93S06PR9e75HiKpehPizxDE9NH/t7yv9ai713ANLh7dpf5GGeFQ55Pu	1	1	0810	127.03026944444444	37.498775	640	640	1	576	452
263	1566161418000	vq1M3YasT93S06PR9e75HiKpehPizxDE9NH/t7yv9ai713ANLh7dpf5GGeFQ55Pu	1	1	0810	127.03026944444444	37.498775	640	640	1	576	452
264	1566161421000	vq1M3YasT93S06PR9e75HiKpehPizxDE9NH/t7yv9ai713ANLh7dpf5GGeFQ55Pu	1	1	0810	127.03026944444444	37.498775	640	640	1	576	452
265	1566161424000	vq1M3YasT93S06PR9e75HiKpehPizxDE9NH/t7yv9ai713ANLh7dpf5GGeFQ55Pu	1	1	0810	127.03026944444444	37.498775	640	640	1	576	452
266	1566161427000	vq1M3YasT93S06PR9e75HiKpehPizxDE9NH/t7yv9ai713ANLh7dpf5GGeFQ55Pu	1	1	0810	127.03030833333334	37.49878611111111	640	640	1	580	454
267	1566161430000	vq1M3YasT93S06PR9e75HiKpehPizxDE9NH/t7yv9ai713ANLh7dpf5GGeFQ55Pu	1	1	0811	127.03063333333333	37.49888611111111	640	640	1	619	475
357	1566159120000	NkkKCg39xbLVQNL1msLIohdtLeIcbBAZYo3wYJVO4dYiCzRsBv29RzK1mNUKI0TL	1	1	0505	127.02796388888889	37.49804722222222	640	640	1	299	302
358	1566159123000	NkkKCg39xbLVQNL1msLIohdtLeIcbBAZYo3wYJVO4dYiCzRsBv29RzK1mNUKI0TL	1	1	0505	127.02788611111112	37.498019444444445	640	640	1	290	296
359	1566159126000	NkkKCg39xbLVQNL1msLIohdtLeIcbBAZYo3wYJVO4dYiCzRsBv29RzK1mNUKI0TL	1	1	0505	127.02771666666666	37.49796944444444	640	640	1	269	286
360	1566159129000	NkkKCg39xbLVQNL1msLIohdtLeIcbBAZYo3wYJVO4dYiCzRsBv29RzK1mNUKI0TL	1	1	0404	127.027675	37.497844444444446	640	640	1	264	261
361	1566159132000	NkkKCg39xbLVQNL1msLIohdtLeIcbBAZYo3wYJVO4dYiCzRsBv29RzK1mNUKI0TL	1	1	0405	127.02776944444444	37.49764722222222	640	640	1	276	220
362	1566159135000	NkkKCg39xbLVQNL1msLIohdtLeIcbBAZYo3wYJVO4dYiCzRsBv29RzK1mNUKI0TL	1	1	0305	127.02787222222223	37.49743055555555	640	640	1	288	175
363	1566159138000	NkkKCg39xbLVQNL1msLIohdtLeIcbBAZYo3wYJVO4dYiCzRsBv29RzK1mNUKI0TL	1	1	0205	127.02794722222222	37.49727222222222	640	640	1	297	143
364	1566159141000	NkkKCg39xbLVQNL1msLIohdtLeIcbBAZYo3wYJVO4dYiCzRsBv29RzK1mNUKI0TL	1	1	0105	127.02804444444445	37.49707222222222	640	640	1	309	102
365	1566159144000	NkkKCg39xbLVQNL1msLIohdtLeIcbBAZYo3wYJVO4dYiCzRsBv29RzK1mNUKI0TL	1	1	0105	127.02809722222223	37.49696111111111	640	640	1	315	79
366	1566159147000	NkkKCg39xbLVQNL1msLIohdtLeIcbBAZYo3wYJVO4dYiCzRsBv29RzK1mNUKI0TL	1	1	0105	127.02809722222223	37.49696111111111	640	640	1	315	79
367	1566159150000	NkkKCg39xbLVQNL1msLIohdtLeIcbBAZYo3wYJVO4dYiCzRsBv29RzK1mNUKI0TL	1	1	0105	127.02809722222223	37.49696111111111	640	640	1	315	79
368	1566159153000	NkkKCg39xbLVQNL1msLIohdtLeIcbBAZYo3wYJVO4dYiCzRsBv29RzK1mNUKI0TL	1	1	0105	127.02809722222223	37.49696111111111	640	640	1	315	79
369	1566159156000	NkkKCg39xbLVQNL1msLIohdtLeIcbBAZYo3wYJVO4dYiCzRsBv29RzK1mNUKI0TL	1	1	0105	127.02809722222223	37.49696111111111	640	640	1	315	79
370	1566159159000	NkkKCg39xbLVQNL1msLIohdtLeIcbBAZYo3wYJVO4dYiCzRsBv29RzK1mNUKI0TL	1	1	0105	127.02809722222223	37.49696111111111	640	640	1	315	79
371	1566159162000	NkkKCg39xbLVQNL1msLIohdtLeIcbBAZYo3wYJVO4dYiCzRsBv29RzK1mNUKI0TL	1	1	0105	127.02809722222223	37.49696111111111	640	640	1	315	79
372	1566159165000	NkkKCg39xbLVQNL1msLIohdtLeIcbBAZYo3wYJVO4dYiCzRsBv29RzK1mNUKI0TL	1	1	0105	127.02809722222223	37.49696111111111	640	640	1	315	79
373	1566159168000	NkkKCg39xbLVQNL1msLIohdtLeIcbBAZYo3wYJVO4dYiCzRsBv29RzK1mNUKI0TL	1	1	0105	127.02809722222223	37.49696111111111	640	640	1	315	79
374	1566159171000	NkkKCg39xbLVQNL1msLIohdtLeIcbBAZYo3wYJVO4dYiCzRsBv29RzK1mNUKI0TL	1	1	0105	127.02809722222223	37.49696111111111	640	640	1	315	79
375	1566159174000	NkkKCg39xbLVQNL1msLIohdtLeIcbBAZYo3wYJVO4dYiCzRsBv29RzK1mNUKI0TL	1	1	0105	127.02809722222223	37.49696111111111	640	640	1	315	79
376	1566159177000	NkkKCg39xbLVQNL1msLIohdtLeIcbBAZYo3wYJVO4dYiCzRsBv29RzK1mNUKI0TL	1	1	0105	127.02809722222223	37.49696111111111	640	640	1	315	79
377	1566159318000	neC7AdZcrl3FEQ0Fhwc+/kgToZx2E5gxdfCNMaFfXi+KTILL4lvfr7Y59bpZ+DdZ	1	1	0001	127.02625833333333	37.49670833333333	640	640	1	95	27
378	1566159321000	neC7AdZcrl3FEQ0Fhwc+/kgToZx2E5gxdfCNMaFfXi+KTILL4lvfr7Y59bpZ+DdZ	1	1	0101	127.02618055555556	37.49686944444444	640	640	1	85	60
379	1566159324000	neC7AdZcrl3FEQ0Fhwc+/kgToZx2E5gxdfCNMaFfXi+KTILL4lvfr7Y59bpZ+DdZ	1	1	0101	127.02610833333334	37.49702222222222	640	640	1	77	92
380	1566159327000	neC7AdZcrl3FEQ0Fhwc+/kgToZx2E5gxdfCNMaFfXi+KTILL4lvfr7Y59bpZ+DdZ	1	1	0201	127.02607222222223	37.4971	640	640	1	72	108
381	1566159330000	neC7AdZcrl3FEQ0Fhwc+/kgToZx2E5gxdfCNMaFfXi+KTILL4lvfr7Y59bpZ+DdZ	1	1	0201	127.02602222222222	37.49720833333333	640	640	1	66	130
382	1566159333000	neC7AdZcrl3FEQ0Fhwc+/kgToZx2E5gxdfCNMaFfXi+KTILL4lvfr7Y59bpZ+DdZ	1	1	0201	127.02598333333333	37.49728888888889	640	640	1	62	146
383	1566159336000	neC7AdZcrl3FEQ0Fhwc+/kgToZx2E5gxdfCNMaFfXi+KTILL4lvfr7Y59bpZ+DdZ	1	1	0301	127.02593333333333	37.49740277777778	640	640	1	56	170
384	1566159339000	neC7AdZcrl3FEQ0Fhwc+/kgToZx2E5gxdfCNMaFfXi+KTILL4lvfr7Y59bpZ+DdZ	1	1	0301	127.02621944444445	37.497525	640	640	1	90	195
385	1566159342000	neC7AdZcrl3FEQ0Fhwc+/kgToZx2E5gxdfCNMaFfXi+KTILL4lvfr7Y59bpZ+DdZ	1	1	0402	127.02655555555556	37.497625	640	640	1	130	215
386	1566159345000	neC7AdZcrl3FEQ0Fhwc+/kgToZx2E5gxdfCNMaFfXi+KTILL4lvfr7Y59bpZ+DdZ	1	1	0403	127.0269	37.497727777777776	640	640	1	171	237
387	1566159348000	neC7AdZcrl3FEQ0Fhwc+/kgToZx2E5gxdfCNMaFfXi+KTILL4lvfr7Y59bpZ+DdZ	1	1	0403	127.02716111111111	37.49780833333333	640	640	1	203	253
388	1566159351000	neC7AdZcrl3FEQ0Fhwc+/kgToZx2E5gxdfCNMaFfXi+KTILL4lvfr7Y59bpZ+DdZ	1	1	0404	127.02731666666666	37.49785277777778	640	640	1	221	262
389	1566159354000	neC7AdZcrl3FEQ0Fhwc+/kgToZx2E5gxdfCNMaFfXi+KTILL4lvfr7Y59bpZ+DdZ	1	1	0404	127.02731666666666	37.49785277777778	640	640	1	221	262
390	1566159357000	neC7AdZcrl3FEQ0Fhwc+/kgToZx2E5gxdfCNMaFfXi+KTILL4lvfr7Y59bpZ+DdZ	1	1	0404	127.02731666666666	37.49785277777778	640	640	1	221	262
386	1566154257000	vq1M3YasT93S06PR9e75HiKpehPizxDE9NH/t7yv9ai713ANLh7dpf5GGeFQ55Pu	1	1	0811	127.03053611111112	37.49885277777778	640	640	1	607	468
387	1566154260000	vq1M3YasT93S06PR9e75HiKpehPizxDE9NH/t7yv9ai713ANLh7dpf5GGeFQ55Pu	1	1	0810	127.030125	37.49872777777778	640	640	1	558	442
388	1566154263000	vq1M3YasT93S06PR9e75HiKpehPizxDE9NH/t7yv9ai713ANLh7dpf5GGeFQ55Pu	1	1	0709	127.02967777777778	37.49858888888889	640	640	1	505	413
389	1566154266000	vq1M3YasT93S06PR9e75HiKpehPizxDE9NH/t7yv9ai713ANLh7dpf5GGeFQ55Pu	1	1	0708	127.02921388888889	37.498441666666665	640	640	1	449	383
390	1566154269000	vq1M3YasT93S06PR9e75HiKpehPizxDE9NH/t7yv9ai713ANLh7dpf5GGeFQ55Pu	1	1	0607	127.0288	37.49831388888889	640	640	1	399	357
391	1566154272000	vq1M3YasT93S06PR9e75HiKpehPizxDE9NH/t7yv9ai713ANLh7dpf5GGeFQ55Pu	1	1	0606	127.02842222222222	37.498197222222224	640	640	1	354	333
392	1566154275000	vq1M3YasT93S06PR9e75HiKpehPizxDE9NH/t7yv9ai713ANLh7dpf5GGeFQ55Pu	1	1	0506	127.02815555555556	37.49811111111111	640	640	1	322	315
393	1566154278000	vq1M3YasT93S06PR9e75HiKpehPizxDE9NH/t7yv9ai713ANLh7dpf5GGeFQ55Pu	1	1	0505	127.02802222222222	37.498066666666666	640	640	1	306	306
394	1566154281000	vq1M3YasT93S06PR9e75HiKpehPizxDE9NH/t7yv9ai713ANLh7dpf5GGeFQ55Pu	1	1	0505	127.02801388888889	37.498063888888886	640	640	1	305	306
395	1566154284000	vq1M3YasT93S06PR9e75HiKpehPizxDE9NH/t7yv9ai713ANLh7dpf5GGeFQ55Pu	1	1	0505	127.02801388888889	37.498063888888886	640	640	1	305	306
396	1566154287000	vq1M3YasT93S06PR9e75HiKpehPizxDE9NH/t7yv9ai713ANLh7dpf5GGeFQ55Pu	1	1	0505	127.02801388888889	37.498063888888886	640	640	1	305	306
397	1566154290000	vq1M3YasT93S06PR9e75HiKpehPizxDE9NH/t7yv9ai713ANLh7dpf5GGeFQ55Pu	1	1	0505	127.02801388888889	37.498063888888886	640	640	1	305	306
398	1566154293000	vq1M3YasT93S06PR9e75HiKpehPizxDE9NH/t7yv9ai713ANLh7dpf5GGeFQ55Pu	1	1	0505	127.02801388888889	37.498063888888886	640	640	1	305	306
399	1566154296000	vq1M3YasT93S06PR9e75HiKpehPizxDE9NH/t7yv9ai713ANLh7dpf5GGeFQ55Pu	1	1	0505	127.02801388888889	37.498063888888886	640	640	1	305	306
400	1566154299000	vq1M3YasT93S06PR9e75HiKpehPizxDE9NH/t7yv9ai713ANLh7dpf5GGeFQ55Pu	1	1	0505	127.02801388888889	37.498063888888886	640	640	1	305	306
401	1566154302000	vq1M3YasT93S06PR9e75HiKpehPizxDE9NH/t7yv9ai713ANLh7dpf5GGeFQ55Pu	1	1	0505	127.02801388888889	37.498063888888886	640	640	1	305	306
402	1566154305000	vq1M3YasT93S06PR9e75HiKpehPizxDE9NH/t7yv9ai713ANLh7dpf5GGeFQ55Pu	1	1	0505	127.02801388888889	37.498063888888886	640	640	1	305	306
403	1566154308000	vq1M3YasT93S06PR9e75HiKpehPizxDE9NH/t7yv9ai713ANLh7dpf5GGeFQ55Pu	1	1	0505	127.02801388888889	37.498063888888886	640	640	1	305	306
404	1566154311000	vq1M3YasT93S06PR9e75HiKpehPizxDE9NH/t7yv9ai713ANLh7dpf5GGeFQ55Pu	1	1	0505	127.02801388888889	37.498063888888886	640	640	1	305	306
405	1566154314000	vq1M3YasT93S06PR9e75HiKpehPizxDE9NH/t7yv9ai713ANLh7dpf5GGeFQ55Pu	1	1	0505	127.02801388888889	37.498063888888886	640	640	1	305	306
406	1566154317000	vq1M3YasT93S06PR9e75HiKpehPizxDE9NH/t7yv9ai713ANLh7dpf5GGeFQ55Pu	1	1	0505	127.02801388888889	37.498063888888886	640	640	1	305	306
407	1566159093000	NkkKCg39xbLVQNL1msLIohdtLeIcbBAZYo3wYJVO4dYiCzRsBv29RzK1mNUKI0TL	1	1	0811	127.03053333333334	37.49885277777778	640	640	1	607	468
408	1566159096000	NkkKCg39xbLVQNL1msLIohdtLeIcbBAZYo3wYJVO4dYiCzRsBv29RzK1mNUKI0TL	1	1	0810	127.03004722222222	37.49870277777778	640	640	1	549	437
409	1566159099000	NkkKCg39xbLVQNL1msLIohdtLeIcbBAZYo3wYJVO4dYiCzRsBv29RzK1mNUKI0TL	1	1	0709	127.02956388888889	37.498552777777775	640	640	1	491	406
410	1566159102000	NkkKCg39xbLVQNL1msLIohdtLeIcbBAZYo3wYJVO4dYiCzRsBv29RzK1mNUKI0TL	1	1	0708	127.02908611111111	37.49840277777778	640	640	1	434	375
411	1566159105000	NkkKCg39xbLVQNL1msLIohdtLeIcbBAZYo3wYJVO4dYiCzRsBv29RzK1mNUKI0TL	1	1	0607	127.02865277777778	37.498266666666666	640	640	1	382	347
412	1566159108000	NkkKCg39xbLVQNL1msLIohdtLeIcbBAZYo3wYJVO4dYiCzRsBv29RzK1mNUKI0TL	1	1	0606	127.02828333333333	37.498155555555556	640	640	1	337	324
413	1566159111000	NkkKCg39xbLVQNL1msLIohdtLeIcbBAZYo3wYJVO4dYiCzRsBv29RzK1mNUKI0TL	1	1	0505	127.02805	37.498075	640	640	1	309	308
414	1566159114000	NkkKCg39xbLVQNL1msLIohdtLeIcbBAZYo3wYJVO4dYiCzRsBv29RzK1mNUKI0TL	1	1	0505	127.02796388888889	37.49804722222222	640	640	1	299	302
415	1566159117000	NkkKCg39xbLVQNL1msLIohdtLeIcbBAZYo3wYJVO4dYiCzRsBv29RzK1mNUKI0TL	1	1	0505	127.02796388888889	37.49804722222222	640	640	1	299	302
416	1566159360000	neC7AdZcrl3FEQ0Fhwc+/kgToZx2E5gxdfCNMaFfXi+KTILL4lvfr7Y59bpZ+DdZ	1	1	0404	127.02731666666666	37.49785277777778	640	640	1	221	262
417	1566159363000	neC7AdZcrl3FEQ0Fhwc+/kgToZx2E5gxdfCNMaFfXi+KTILL4lvfr7Y59bpZ+DdZ	1	1	0404	127.02731666666666	37.49785277777778	640	640	1	221	262
418	1566159366000	neC7AdZcrl3FEQ0Fhwc+/kgToZx2E5gxdfCNMaFfXi+KTILL4lvfr7Y59bpZ+DdZ	1	1	0404	127.02731666666666	37.49785277777778	640	640	1	221	262
419	1566159369000	neC7AdZcrl3FEQ0Fhwc+/kgToZx2E5gxdfCNMaFfXi+KTILL4lvfr7Y59bpZ+DdZ	1	1	0404	127.02731666666666	37.49785277777778	640	640	1	221	262
420	1566159372000	neC7AdZcrl3FEQ0Fhwc+/kgToZx2E5gxdfCNMaFfXi+KTILL4lvfr7Y59bpZ+DdZ	1	1	0404	127.02731666666666	37.49785277777778	640	640	1	221	262
421	1566159375000	neC7AdZcrl3FEQ0Fhwc+/kgToZx2E5gxdfCNMaFfXi+KTILL4lvfr7Y59bpZ+DdZ	1	1	0404	127.02731666666666	37.49785277777778	640	640	1	221	262
422	1566159378000	neC7AdZcrl3FEQ0Fhwc+/kgToZx2E5gxdfCNMaFfXi+KTILL4lvfr7Y59bpZ+DdZ	1	1	0404	127.02731666666666	37.49785277777778	640	640	1	221	262
423	1566159381000	neC7AdZcrl3FEQ0Fhwc+/kgToZx2E5gxdfCNMaFfXi+KTILL4lvfr7Y59bpZ+DdZ	1	1	0404	127.02731666666666	37.49785277777778	640	640	1	221	262
424	1566159384000	neC7AdZcrl3FEQ0Fhwc+/kgToZx2E5gxdfCNMaFfXi+KTILL4lvfr7Y59bpZ+DdZ	1	1	0404	127.02731666666666	37.49785277777778	640	640	1	221	262
425	1566159387000	neC7AdZcrl3FEQ0Fhwc+/kgToZx2E5gxdfCNMaFfXi+KTILL4lvfr7Y59bpZ+DdZ	1	1	0404	127.02731666666666	37.49785277777778	640	640	1	221	262
426	1566159390000	neC7AdZcrl3FEQ0Fhwc+/kgToZx2E5gxdfCNMaFfXi+KTILL4lvfr7Y59bpZ+DdZ	1	1	0404	127.02731666666666	37.49785277777778	640	640	1	221	262
427	1566159393000	neC7AdZcrl3FEQ0Fhwc+/kgToZx2E5gxdfCNMaFfXi+KTILL4lvfr7Y59bpZ+DdZ	1	1	0404	127.02731666666666	37.49785277777778	640	640	1	221	262
428	1566159396000	neC7AdZcrl3FEQ0Fhwc+/kgToZx2E5gxdfCNMaFfXi+KTILL4lvfr7Y59bpZ+DdZ	1	1	0404	127.02731666666666	37.49785277777778	640	640	1	221	262
429	1566159399000	neC7AdZcrl3FEQ0Fhwc+/kgToZx2E5gxdfCNMaFfXi+KTILL4lvfr7Y59bpZ+DdZ	1	1	0404	127.02731666666666	37.49785277777778	640	640	1	221	262
430	1566159402000	neC7AdZcrl3FEQ0Fhwc+/kgToZx2E5gxdfCNMaFfXi+KTILL4lvfr7Y59bpZ+DdZ	1	1	0404	127.02731666666666	37.49785277777778	640	640	1	221	262
431	1566159405000	neC7AdZcrl3FEQ0Fhwc+/kgToZx2E5gxdfCNMaFfXi+KTILL4lvfr7Y59bpZ+DdZ	1	1	0404	127.02731666666666	37.49785277777778	640	640	1	221	262
432	1566159408000	neC7AdZcrl3FEQ0Fhwc+/kgToZx2E5gxdfCNMaFfXi+KTILL4lvfr7Y59bpZ+DdZ	1	1	0404	127.02731666666666	37.49785277777778	640	640	1	221	262
433	1566159411000	neC7AdZcrl3FEQ0Fhwc+/kgToZx2E5gxdfCNMaFfXi+KTILL4lvfr7Y59bpZ+DdZ	1	1	0404	127.02737222222223	37.49786944444445	640	640	1	228	266
434	1566159414000	neC7AdZcrl3FEQ0Fhwc+/kgToZx2E5gxdfCNMaFfXi+KTILL4lvfr7Y59bpZ+DdZ	1	1	0504	127.0276138888889	37.49794444444444	640	640	1	257	281
435	1566159417000	neC7AdZcrl3FEQ0Fhwc+/kgToZx2E5gxdfCNMaFfXi+KTILL4lvfr7Y59bpZ+DdZ	1	1	0505	127.02794444444444	37.498041666666666	640	640	1	297	301
436	1566159480000	neC7AdZcrl3FEQ0Fhwc+/kgToZx2E5gxdfCNMaFfXi+KTILL4lvfr7Y59bpZ+DdZ	1	1	0911	127.03077777777777	37.49893055555555	640	640	1	636	484
437	1566159483000	neC7AdZcrl3FEQ0Fhwc+/kgToZx2E5gxdfCNMaFfXi+KTILL4lvfr7Y59bpZ+DdZ	1	1	0911	127.03077777777777	37.49893055555555	640	640	1	636	484
438	1566159486000	neC7AdZcrl3FEQ0Fhwc+/kgToZx2E5gxdfCNMaFfXi+KTILL4lvfr7Y59bpZ+DdZ	1	1	0911	127.03077777777777	37.49893055555555	640	640	1	636	484
439	1566161331000	vq1M3YasT93S06PR9e75HiKpehPizxDE9NH/t7yv9ai713ANLh7dpf5GGeFQ55Pu	1	1	0200	127.02555	37.49732777777778	640	640	1	10	154
440	1566161334000	vq1M3YasT93S06PR9e75HiKpehPizxDE9NH/t7yv9ai713ANLh7dpf5GGeFQ55Pu	1	1	0301	127.02597222222222	37.497455555555554	640	640	1	60	181
441	1566161337000	vq1M3YasT93S06PR9e75HiKpehPizxDE9NH/t7yv9ai713ANLh7dpf5GGeFQ55Pu	1	1	0302	127.02638055555556	37.497572222222225	640	640	1	109	205
442	1566161340000	vq1M3YasT93S06PR9e75HiKpehPizxDE9NH/t7yv9ai713ANLh7dpf5GGeFQ55Pu	1	1	0402	127.02677222222222	37.49768888888889	640	640	1	156	229
443	1566161343000	vq1M3YasT93S06PR9e75HiKpehPizxDE9NH/t7yv9ai713ANLh7dpf5GGeFQ55Pu	1	1	0403	127.02716666666667	37.49780833333333	640	640	1	203	253
444	1566161346000	vq1M3YasT93S06PR9e75HiKpehPizxDE9NH/t7yv9ai713ANLh7dpf5GGeFQ55Pu	1	1	0504	127.02758055555556	37.497933333333336	640	640	1	253	279
445	1566161349000	vq1M3YasT93S06PR9e75HiKpehPizxDE9NH/t7yv9ai713ANLh7dpf5GGeFQ55Pu	1	1	0505	127.02796388888889	37.49804722222222	640	640	1	299	302
446	1566161352000	vq1M3YasT93S06PR9e75HiKpehPizxDE9NH/t7yv9ai713ANLh7dpf5GGeFQ55Pu	1	1	0606	127.02836388888889	37.49818333333333	640	640	1	347	330
447	1566161355000	vq1M3YasT93S06PR9e75HiKpehPizxDE9NH/t7yv9ai713ANLh7dpf5GGeFQ55Pu	1	1	0607	127.02875	37.4983	640	640	1	393	354
448	1566161358000	vq1M3YasT93S06PR9e75HiKpehPizxDE9NH/t7yv9ai713ANLh7dpf5GGeFQ55Pu	1	1	0708	127.02915555555556	37.498425	640	640	1	442	380
449	1566161361000	vq1M3YasT93S06PR9e75HiKpehPizxDE9NH/t7yv9ai713ANLh7dpf5GGeFQ55Pu	1	1	0709	127.02953055555555	37.49854444444444	640	640	1	487	404
450	1566161364000	vq1M3YasT93S06PR9e75HiKpehPizxDE9NH/t7yv9ai713ANLh7dpf5GGeFQ55Pu	1	1	0709	127.02984444444445	37.498641666666664	640	640	1	525	424
451	1566161367000	vq1M3YasT93S06PR9e75HiKpehPizxDE9NH/t7yv9ai713ANLh7dpf5GGeFQ55Pu	1	1	0810	127.03009444444444	37.49871944444445	640	640	1	555	440
452	1566161370000	vq1M3YasT93S06PR9e75HiKpehPizxDE9NH/t7yv9ai713ANLh7dpf5GGeFQ55Pu	1	1	0810	127.0302138888889	37.498755555555555	640	640	1	569	448
453	1566161373000	vq1M3YasT93S06PR9e75HiKpehPizxDE9NH/t7yv9ai713ANLh7dpf5GGeFQ55Pu	1	1	0810	127.03026944444444	37.498775	640	640	1	576	452
454	1566161376000	vq1M3YasT93S06PR9e75HiKpehPizxDE9NH/t7yv9ai713ANLh7dpf5GGeFQ55Pu	1	1	0810	127.03026944444444	37.498775	640	640	1	576	452
455	1566161379000	vq1M3YasT93S06PR9e75HiKpehPizxDE9NH/t7yv9ai713ANLh7dpf5GGeFQ55Pu	1	1	0810	127.03026944444444	37.498775	640	640	1	576	452
456	1566161382000	vq1M3YasT93S06PR9e75HiKpehPizxDE9NH/t7yv9ai713ANLh7dpf5GGeFQ55Pu	1	1	0810	127.03026944444444	37.498775	640	640	1	576	452
457	1566161385000	vq1M3YasT93S06PR9e75HiKpehPizxDE9NH/t7yv9ai713ANLh7dpf5GGeFQ55Pu	1	1	0810	127.03026944444444	37.498775	640	640	1	576	452
458	1566161388000	vq1M3YasT93S06PR9e75HiKpehPizxDE9NH/t7yv9ai713ANLh7dpf5GGeFQ55Pu	1	1	0810	127.03026944444444	37.498775	640	640	1	576	452
459	1566161391000	vq1M3YasT93S06PR9e75HiKpehPizxDE9NH/t7yv9ai713ANLh7dpf5GGeFQ55Pu	1	1	0810	127.03026944444444	37.498775	640	640	1	576	452
460	1566161394000	vq1M3YasT93S06PR9e75HiKpehPizxDE9NH/t7yv9ai713ANLh7dpf5GGeFQ55Pu	1	1	0810	127.03026944444444	37.498775	640	640	1	576	452
461	1566161397000	vq1M3YasT93S06PR9e75HiKpehPizxDE9NH/t7yv9ai713ANLh7dpf5GGeFQ55Pu	1	1	0810	127.03026944444444	37.498775	640	640	1	576	452
226	1566154320000	vq1M3YasT93S06PR9e75HiKpehPizxDE9NH/t7yv9ai713ANLh7dpf5GGeFQ55Pu	1	1	0505	127.02801388888889	37.498063888888886	640	640	1	305	306
227	1566154323000	vq1M3YasT93S06PR9e75HiKpehPizxDE9NH/t7yv9ai713ANLh7dpf5GGeFQ55Pu	1	1	0505	127.02801388888889	37.498063888888886	640	640	1	305	306
228	1566154326000	vq1M3YasT93S06PR9e75HiKpehPizxDE9NH/t7yv9ai713ANLh7dpf5GGeFQ55Pu	1	1	0505	127.02801388888889	37.498063888888886	640	640	1	305	306
229	1566154329000	vq1M3YasT93S06PR9e75HiKpehPizxDE9NH/t7yv9ai713ANLh7dpf5GGeFQ55Pu	1	1	0505	127.02801388888889	37.498063888888886	640	640	1	305	306
230	1566154332000	vq1M3YasT93S06PR9e75HiKpehPizxDE9NH/t7yv9ai713ANLh7dpf5GGeFQ55Pu	1	1	0505	127.02781666666667	37.497997222222224	640	640	1	281	292
231	1566154335000	vq1M3YasT93S06PR9e75HiKpehPizxDE9NH/t7yv9ai713ANLh7dpf5GGeFQ55Pu	1	1	0504	127.02753055555556	37.49791666666667	640	640	1	247	275
232	1566154338000	vq1M3YasT93S06PR9e75HiKpehPizxDE9NH/t7yv9ai713ANLh7dpf5GGeFQ55Pu	1	1	0403	127.02719444444445	37.49781388888889	640	640	1	207	254
233	1566154341000	vq1M3YasT93S06PR9e75HiKpehPizxDE9NH/t7yv9ai713ANLh7dpf5GGeFQ55Pu	1	1	0402	127.02677222222222	37.49768611111111	640	640	1	156	228
234	1566154344000	vq1M3YasT93S06PR9e75HiKpehPizxDE9NH/t7yv9ai713ANLh7dpf5GGeFQ55Pu	1	1	0301	127.0263138888889	37.49755277777778	640	640	1	101	201
235	1566154347000	vq1M3YasT93S06PR9e75HiKpehPizxDE9NH/t7yv9ai713ANLh7dpf5GGeFQ55Pu	1	1	0301	127.02591111111111	37.497436111111114	640	640	1	53	177
236	1566154350000	vq1M3YasT93S06PR9e75HiKpehPizxDE9NH/t7yv9ai713ANLh7dpf5GGeFQ55Pu	1	1	0200	127.02555	37.497325	640	640	1	10	154
237	1566159420000	neC7AdZcrl3FEQ0Fhwc+/kgToZx2E5gxdfCNMaFfXi+KTILL4lvfr7Y59bpZ+DdZ	1	1	0606	127.02832777777778	37.49817222222222	640	640	1	343	328
238	1566159423000	neC7AdZcrl3FEQ0Fhwc+/kgToZx2E5gxdfCNMaFfXi+KTILL4lvfr7Y59bpZ+DdZ	1	1	0607	127.0287	37.49828333333333	640	640	1	387	351
239	1566159426000	neC7AdZcrl3FEQ0Fhwc+/kgToZx2E5gxdfCNMaFfXi+KTILL4lvfr7Y59bpZ+DdZ	1	1	0708	127.0290888888889	37.49840555555556	640	640	1	434	376
240	1566159429000	neC7AdZcrl3FEQ0Fhwc+/kgToZx2E5gxdfCNMaFfXi+KTILL4lvfr7Y59bpZ+DdZ	1	1	0709	127.02954166666666	37.49854722222222	640	640	1	488	405
241	1566159432000	neC7AdZcrl3FEQ0Fhwc+/kgToZx2E5gxdfCNMaFfXi+KTILL4lvfr7Y59bpZ+DdZ	1	1	0810	127.02995277777778	37.498675	640	640	1	538	431
242	1566159435000	neC7AdZcrl3FEQ0Fhwc+/kgToZx2E5gxdfCNMaFfXi+KTILL4lvfr7Y59bpZ+DdZ	1	1	0810	127.03031388888888	37.49878888888889	640	640	1	581	455
243	1566159438000	neC7AdZcrl3FEQ0Fhwc+/kgToZx2E5gxdfCNMaFfXi+KTILL4lvfr7Y59bpZ+DdZ	1	1	0811	127.03060277777777	37.498875	640	640	1	615	472
244	1566159441000	neC7AdZcrl3FEQ0Fhwc+/kgToZx2E5gxdfCNMaFfXi+KTILL4lvfr7Y59bpZ+DdZ	1	1	0911	127.03076388888888	37.498925	640	640	1	635	483
245	1566159444000	neC7AdZcrl3FEQ0Fhwc+/kgToZx2E5gxdfCNMaFfXi+KTILL4lvfr7Y59bpZ+DdZ	1	1	0911	127.03077777777777	37.49893055555555	640	640	1	636	484
246	1566159447000	neC7AdZcrl3FEQ0Fhwc+/kgToZx2E5gxdfCNMaFfXi+KTILL4lvfr7Y59bpZ+DdZ	1	1	0911	127.03077777777777	37.49893055555555	640	640	1	636	484
247	1566159450000	neC7AdZcrl3FEQ0Fhwc+/kgToZx2E5gxdfCNMaFfXi+KTILL4lvfr7Y59bpZ+DdZ	1	1	0911	127.03077777777777	37.49893055555555	640	640	1	636	484
248	1566159453000	neC7AdZcrl3FEQ0Fhwc+/kgToZx2E5gxdfCNMaFfXi+KTILL4lvfr7Y59bpZ+DdZ	1	1	0911	127.03077777777777	37.49893055555555	640	640	1	636	484
249	1566159456000	neC7AdZcrl3FEQ0Fhwc+/kgToZx2E5gxdfCNMaFfXi+KTILL4lvfr7Y59bpZ+DdZ	1	1	0911	127.03077777777777	37.49893055555555	640	640	1	636	484
250	1566159459000	neC7AdZcrl3FEQ0Fhwc+/kgToZx2E5gxdfCNMaFfXi+KTILL4lvfr7Y59bpZ+DdZ	1	1	0911	127.03077777777777	37.49893055555555	640	640	1	636	484
251	1566159462000	neC7AdZcrl3FEQ0Fhwc+/kgToZx2E5gxdfCNMaFfXi+KTILL4lvfr7Y59bpZ+DdZ	1	1	0911	127.03077777777777	37.49893055555555	640	640	1	636	484
252	1566159465000	neC7AdZcrl3FEQ0Fhwc+/kgToZx2E5gxdfCNMaFfXi+KTILL4lvfr7Y59bpZ+DdZ	1	1	0911	127.03077777777777	37.49893055555555	640	640	1	636	484
253	1566159468000	neC7AdZcrl3FEQ0Fhwc+/kgToZx2E5gxdfCNMaFfXi+KTILL4lvfr7Y59bpZ+DdZ	1	1	0911	127.03077777777777	37.49893055555555	640	640	1	636	484
254	1566159471000	neC7AdZcrl3FEQ0Fhwc+/kgToZx2E5gxdfCNMaFfXi+KTILL4lvfr7Y59bpZ+DdZ	1	1	0911	127.03077777777777	37.49893055555555	640	640	1	636	484
255	1566159474000	neC7AdZcrl3FEQ0Fhwc+/kgToZx2E5gxdfCNMaFfXi+KTILL4lvfr7Y59bpZ+DdZ	1	1	0911	127.03077777777777	37.49893055555555	640	640	1	636	484
256	1566159477000	neC7AdZcrl3FEQ0Fhwc+/kgToZx2E5gxdfCNMaFfXi+KTILL4lvfr7Y59bpZ+DdZ	1	1	0911	127.03077777777777	37.49893055555555	640	640	1	636	484
257	1566161400000	vq1M3YasT93S06PR9e75HiKpehPizxDE9NH/t7yv9ai713ANLh7dpf5GGeFQ55Pu	1	1	0810	127.03026944444444	37.498775	640	640	1	576	452
258	1566161403000	vq1M3YasT93S06PR9e75HiKpehPizxDE9NH/t7yv9ai713ANLh7dpf5GGeFQ55Pu	1	1	0810	127.03026944444444	37.498775	640	640	1	576	452
259	1566161406000	vq1M3YasT93S06PR9e75HiKpehPizxDE9NH/t7yv9ai713ANLh7dpf5GGeFQ55Pu	1	1	0810	127.03026944444444	37.498775	640	640	1	576	452
260	1566161409000	vq1M3YasT93S06PR9e75HiKpehPizxDE9NH/t7yv9ai713ANLh7dpf5GGeFQ55Pu	1	1	0810	127.03026944444444	37.498775	640	640	1	576	452
261	1566161412000	vq1M3YasT93S06PR9e75HiKpehPizxDE9NH/t7yv9ai713ANLh7dpf5GGeFQ55Pu	1	1	0810	127.03026944444444	37.498775	640	640	1	576	452
262	1566161415000	vq1M3YasT93S06PR9e75HiKpehPizxDE9NH/t7yv9ai713ANLh7dpf5GGeFQ55Pu	1	1	0810	127.03026944444444	37.498775	640	640	1	576	452
263	1566161418000	vq1M3YasT93S06PR9e75HiKpehPizxDE9NH/t7yv9ai713ANLh7dpf5GGeFQ55Pu	1	1	0810	127.03026944444444	37.498775	640	640	1	576	452
264	1566161421000	vq1M3YasT93S06PR9e75HiKpehPizxDE9NH/t7yv9ai713ANLh7dpf5GGeFQ55Pu	1	1	0810	127.03026944444444	37.498775	640	640	1	576	452
265	1566161424000	vq1M3YasT93S06PR9e75HiKpehPizxDE9NH/t7yv9ai713ANLh7dpf5GGeFQ55Pu	1	1	0810	127.03026944444444	37.498775	640	640	1	576	452
266	1566161427000	vq1M3YasT93S06PR9e75HiKpehPizxDE9NH/t7yv9ai713ANLh7dpf5GGeFQ55Pu	1	1	0810	127.03030833333334	37.49878611111111	640	640	1	580	454
267	1566161430000	vq1M3YasT93S06PR9e75HiKpehPizxDE9NH/t7yv9ai713ANLh7dpf5GGeFQ55Pu	1	1	0811	127.03063333333333	37.49888611111111	640	640	1	619	475
357	1566159120000	NkkKCg39xbLVQNL1msLIohdtLeIcbBAZYo3wYJVO4dYiCzRsBv29RzK1mNUKI0TL	1	1	0505	127.02796388888889	37.49804722222222	640	640	1	299	302
358	1566159123000	NkkKCg39xbLVQNL1msLIohdtLeIcbBAZYo3wYJVO4dYiCzRsBv29RzK1mNUKI0TL	1	1	0505	127.02788611111112	37.498019444444445	640	640	1	290	296
359	1566159126000	NkkKCg39xbLVQNL1msLIohdtLeIcbBAZYo3wYJVO4dYiCzRsBv29RzK1mNUKI0TL	1	1	0505	127.02771666666666	37.49796944444444	640	640	1	269	286
360	1566159129000	NkkKCg39xbLVQNL1msLIohdtLeIcbBAZYo3wYJVO4dYiCzRsBv29RzK1mNUKI0TL	1	1	0404	127.027675	37.497844444444446	640	640	1	264	261
361	1566159132000	NkkKCg39xbLVQNL1msLIohdtLeIcbBAZYo3wYJVO4dYiCzRsBv29RzK1mNUKI0TL	1	1	0405	127.02776944444444	37.49764722222222	640	640	1	276	220
362	1566159135000	NkkKCg39xbLVQNL1msLIohdtLeIcbBAZYo3wYJVO4dYiCzRsBv29RzK1mNUKI0TL	1	1	0305	127.02787222222223	37.49743055555555	640	640	1	288	175
363	1566159138000	NkkKCg39xbLVQNL1msLIohdtLeIcbBAZYo3wYJVO4dYiCzRsBv29RzK1mNUKI0TL	1	1	0205	127.02794722222222	37.49727222222222	640	640	1	297	143
364	1566159141000	NkkKCg39xbLVQNL1msLIohdtLeIcbBAZYo3wYJVO4dYiCzRsBv29RzK1mNUKI0TL	1	1	0105	127.02804444444445	37.49707222222222	640	640	1	309	102
365	1566159144000	NkkKCg39xbLVQNL1msLIohdtLeIcbBAZYo3wYJVO4dYiCzRsBv29RzK1mNUKI0TL	1	1	0105	127.02809722222223	37.49696111111111	640	640	1	315	79
366	1566159147000	NkkKCg39xbLVQNL1msLIohdtLeIcbBAZYo3wYJVO4dYiCzRsBv29RzK1mNUKI0TL	1	1	0105	127.02809722222223	37.49696111111111	640	640	1	315	79
367	1566159150000	NkkKCg39xbLVQNL1msLIohdtLeIcbBAZYo3wYJVO4dYiCzRsBv29RzK1mNUKI0TL	1	1	0105	127.02809722222223	37.49696111111111	640	640	1	315	79
368	1566159153000	NkkKCg39xbLVQNL1msLIohdtLeIcbBAZYo3wYJVO4dYiCzRsBv29RzK1mNUKI0TL	1	1	0105	127.02809722222223	37.49696111111111	640	640	1	315	79
369	1566159156000	NkkKCg39xbLVQNL1msLIohdtLeIcbBAZYo3wYJVO4dYiCzRsBv29RzK1mNUKI0TL	1	1	0105	127.02809722222223	37.49696111111111	640	640	1	315	79
370	1566159159000	NkkKCg39xbLVQNL1msLIohdtLeIcbBAZYo3wYJVO4dYiCzRsBv29RzK1mNUKI0TL	1	1	0105	127.02809722222223	37.49696111111111	640	640	1	315	79
371	1566159162000	NkkKCg39xbLVQNL1msLIohdtLeIcbBAZYo3wYJVO4dYiCzRsBv29RzK1mNUKI0TL	1	1	0105	127.02809722222223	37.49696111111111	640	640	1	315	79
372	1566159165000	NkkKCg39xbLVQNL1msLIohdtLeIcbBAZYo3wYJVO4dYiCzRsBv29RzK1mNUKI0TL	1	1	0105	127.02809722222223	37.49696111111111	640	640	1	315	79
373	1566159168000	NkkKCg39xbLVQNL1msLIohdtLeIcbBAZYo3wYJVO4dYiCzRsBv29RzK1mNUKI0TL	1	1	0105	127.02809722222223	37.49696111111111	640	640	1	315	79
374	1566159171000	NkkKCg39xbLVQNL1msLIohdtLeIcbBAZYo3wYJVO4dYiCzRsBv29RzK1mNUKI0TL	1	1	0105	127.02809722222223	37.49696111111111	640	640	1	315	79
375	1566159174000	NkkKCg39xbLVQNL1msLIohdtLeIcbBAZYo3wYJVO4dYiCzRsBv29RzK1mNUKI0TL	1	1	0105	127.02809722222223	37.49696111111111	640	640	1	315	79
376	1566159177000	NkkKCg39xbLVQNL1msLIohdtLeIcbBAZYo3wYJVO4dYiCzRsBv29RzK1mNUKI0TL	1	1	0105	127.02809722222223	37.49696111111111	640	640	1	315	79
377	1566159318000	neC7AdZcrl3FEQ0Fhwc+/kgToZx2E5gxdfCNMaFfXi+KTILL4lvfr7Y59bpZ+DdZ	1	1	0001	127.02625833333333	37.49670833333333	640	640	1	95	27
378	1566159321000	neC7AdZcrl3FEQ0Fhwc+/kgToZx2E5gxdfCNMaFfXi+KTILL4lvfr7Y59bpZ+DdZ	1	1	0101	127.02618055555556	37.49686944444444	640	640	1	85	60
379	1566159324000	neC7AdZcrl3FEQ0Fhwc+/kgToZx2E5gxdfCNMaFfXi+KTILL4lvfr7Y59bpZ+DdZ	1	1	0101	127.02610833333334	37.49702222222222	640	640	1	77	92
380	1566159327000	neC7AdZcrl3FEQ0Fhwc+/kgToZx2E5gxdfCNMaFfXi+KTILL4lvfr7Y59bpZ+DdZ	1	1	0201	127.02607222222223	37.4971	640	640	1	72	108
381	1566159330000	neC7AdZcrl3FEQ0Fhwc+/kgToZx2E5gxdfCNMaFfXi+KTILL4lvfr7Y59bpZ+DdZ	1	1	0201	127.02602222222222	37.49720833333333	640	640	1	66	130
382	1566159333000	neC7AdZcrl3FEQ0Fhwc+/kgToZx2E5gxdfCNMaFfXi+KTILL4lvfr7Y59bpZ+DdZ	1	1	0201	127.02598333333333	37.49728888888889	640	640	1	62	146
383	1566159336000	neC7AdZcrl3FEQ0Fhwc+/kgToZx2E5gxdfCNMaFfXi+KTILL4lvfr7Y59bpZ+DdZ	1	1	0301	127.02593333333333	37.49740277777778	640	640	1	56	170
384	1566159339000	neC7AdZcrl3FEQ0Fhwc+/kgToZx2E5gxdfCNMaFfXi+KTILL4lvfr7Y59bpZ+DdZ	1	1	0301	127.02621944444445	37.497525	640	640	1	90	195
385	1566159342000	neC7AdZcrl3FEQ0Fhwc+/kgToZx2E5gxdfCNMaFfXi+KTILL4lvfr7Y59bpZ+DdZ	1	1	0402	127.02655555555556	37.497625	640	640	1	130	215
386	1566159345000	neC7AdZcrl3FEQ0Fhwc+/kgToZx2E5gxdfCNMaFfXi+KTILL4lvfr7Y59bpZ+DdZ	1	1	0403	127.0269	37.497727777777776	640	640	1	171	237
387	1566159348000	neC7AdZcrl3FEQ0Fhwc+/kgToZx2E5gxdfCNMaFfXi+KTILL4lvfr7Y59bpZ+DdZ	1	1	0403	127.02716111111111	37.49780833333333	640	640	1	203	253
388	1566159351000	neC7AdZcrl3FEQ0Fhwc+/kgToZx2E5gxdfCNMaFfXi+KTILL4lvfr7Y59bpZ+DdZ	1	1	0404	127.02731666666666	37.49785277777778	640	640	1	221	262
389	1566159354000	neC7AdZcrl3FEQ0Fhwc+/kgToZx2E5gxdfCNMaFfXi+KTILL4lvfr7Y59bpZ+DdZ	1	1	0404	127.02731666666666	37.49785277777778	640	640	1	221	262
390	1566159357000	neC7AdZcrl3FEQ0Fhwc+/kgToZx2E5gxdfCNMaFfXi+KTILL4lvfr7Y59bpZ+DdZ	1	1	0404	127.02731666666666	37.49785277777778	640	640	1	221	262
386	1566154257000	vq1M3YasT93S06PR9e75HiKpehPizxDE9NH/t7yv9ai713ANLh7dpf5GGeFQ55Pu	1	1	0811	127.03053611111112	37.49885277777778	640	640	1	607	468
387	1566154260000	vq1M3YasT93S06PR9e75HiKpehPizxDE9NH/t7yv9ai713ANLh7dpf5GGeFQ55Pu	1	1	0810	127.030125	37.49872777777778	640	640	1	558	442
388	1566154263000	vq1M3YasT93S06PR9e75HiKpehPizxDE9NH/t7yv9ai713ANLh7dpf5GGeFQ55Pu	1	1	0709	127.02967777777778	37.49858888888889	640	640	1	505	413
389	1566154266000	vq1M3YasT93S06PR9e75HiKpehPizxDE9NH/t7yv9ai713ANLh7dpf5GGeFQ55Pu	1	1	0708	127.02921388888889	37.498441666666665	640	640	1	449	383
390	1566154269000	vq1M3YasT93S06PR9e75HiKpehPizxDE9NH/t7yv9ai713ANLh7dpf5GGeFQ55Pu	1	1	0607	127.0288	37.49831388888889	640	640	1	399	357
391	1566154272000	vq1M3YasT93S06PR9e75HiKpehPizxDE9NH/t7yv9ai713ANLh7dpf5GGeFQ55Pu	1	1	0606	127.02842222222222	37.498197222222224	640	640	1	354	333
392	1566154275000	vq1M3YasT93S06PR9e75HiKpehPizxDE9NH/t7yv9ai713ANLh7dpf5GGeFQ55Pu	1	1	0506	127.02815555555556	37.49811111111111	640	640	1	322	315
393	1566154278000	vq1M3YasT93S06PR9e75HiKpehPizxDE9NH/t7yv9ai713ANLh7dpf5GGeFQ55Pu	1	1	0505	127.02802222222222	37.498066666666666	640	640	1	306	306
394	1566154281000	vq1M3YasT93S06PR9e75HiKpehPizxDE9NH/t7yv9ai713ANLh7dpf5GGeFQ55Pu	1	1	0505	127.02801388888889	37.498063888888886	640	640	1	305	306
395	1566154284000	vq1M3YasT93S06PR9e75HiKpehPizxDE9NH/t7yv9ai713ANLh7dpf5GGeFQ55Pu	1	1	0505	127.02801388888889	37.498063888888886	640	640	1	305	306
396	1566154287000	vq1M3YasT93S06PR9e75HiKpehPizxDE9NH/t7yv9ai713ANLh7dpf5GGeFQ55Pu	1	1	0505	127.02801388888889	37.498063888888886	640	640	1	305	306
397	1566154290000	vq1M3YasT93S06PR9e75HiKpehPizxDE9NH/t7yv9ai713ANLh7dpf5GGeFQ55Pu	1	1	0505	127.02801388888889	37.498063888888886	640	640	1	305	306
398	1566154293000	vq1M3YasT93S06PR9e75HiKpehPizxDE9NH/t7yv9ai713ANLh7dpf5GGeFQ55Pu	1	1	0505	127.02801388888889	37.498063888888886	640	640	1	305	306
399	1566154296000	vq1M3YasT93S06PR9e75HiKpehPizxDE9NH/t7yv9ai713ANLh7dpf5GGeFQ55Pu	1	1	0505	127.02801388888889	37.498063888888886	640	640	1	305	306
400	1566154299000	vq1M3YasT93S06PR9e75HiKpehPizxDE9NH/t7yv9ai713ANLh7dpf5GGeFQ55Pu	1	1	0505	127.02801388888889	37.498063888888886	640	640	1	305	306
401	1566154302000	vq1M3YasT93S06PR9e75HiKpehPizxDE9NH/t7yv9ai713ANLh7dpf5GGeFQ55Pu	1	1	0505	127.02801388888889	37.498063888888886	640	640	1	305	306
402	1566154305000	vq1M3YasT93S06PR9e75HiKpehPizxDE9NH/t7yv9ai713ANLh7dpf5GGeFQ55Pu	1	1	0505	127.02801388888889	37.498063888888886	640	640	1	305	306
403	1566154308000	vq1M3YasT93S06PR9e75HiKpehPizxDE9NH/t7yv9ai713ANLh7dpf5GGeFQ55Pu	1	1	0505	127.02801388888889	37.498063888888886	640	640	1	305	306
404	1566154311000	vq1M3YasT93S06PR9e75HiKpehPizxDE9NH/t7yv9ai713ANLh7dpf5GGeFQ55Pu	1	1	0505	127.02801388888889	37.498063888888886	640	640	1	305	306
405	1566154314000	vq1M3YasT93S06PR9e75HiKpehPizxDE9NH/t7yv9ai713ANLh7dpf5GGeFQ55Pu	1	1	0505	127.02801388888889	37.498063888888886	640	640	1	305	306
406	1566154317000	vq1M3YasT93S06PR9e75HiKpehPizxDE9NH/t7yv9ai713ANLh7dpf5GGeFQ55Pu	1	1	0505	127.02801388888889	37.498063888888886	640	640	1	305	306
407	1566159093000	NkkKCg39xbLVQNL1msLIohdtLeIcbBAZYo3wYJVO4dYiCzRsBv29RzK1mNUKI0TL	1	1	0811	127.03053333333334	37.49885277777778	640	640	1	607	468
408	1566159096000	NkkKCg39xbLVQNL1msLIohdtLeIcbBAZYo3wYJVO4dYiCzRsBv29RzK1mNUKI0TL	1	1	0810	127.03004722222222	37.49870277777778	640	640	1	549	437
409	1566159099000	NkkKCg39xbLVQNL1msLIohdtLeIcbBAZYo3wYJVO4dYiCzRsBv29RzK1mNUKI0TL	1	1	0709	127.02956388888889	37.498552777777775	640	640	1	491	406
410	1566159102000	NkkKCg39xbLVQNL1msLIohdtLeIcbBAZYo3wYJVO4dYiCzRsBv29RzK1mNUKI0TL	1	1	0708	127.02908611111111	37.49840277777778	640	640	1	434	375
411	1566159105000	NkkKCg39xbLVQNL1msLIohdtLeIcbBAZYo3wYJVO4dYiCzRsBv29RzK1mNUKI0TL	1	1	0607	127.02865277777778	37.498266666666666	640	640	1	382	347
412	1566159108000	NkkKCg39xbLVQNL1msLIohdtLeIcbBAZYo3wYJVO4dYiCzRsBv29RzK1mNUKI0TL	1	1	0606	127.02828333333333	37.498155555555556	640	640	1	337	324
413	1566159111000	NkkKCg39xbLVQNL1msLIohdtLeIcbBAZYo3wYJVO4dYiCzRsBv29RzK1mNUKI0TL	1	1	0505	127.02805	37.498075	640	640	1	309	308
414	1566159114000	NkkKCg39xbLVQNL1msLIohdtLeIcbBAZYo3wYJVO4dYiCzRsBv29RzK1mNUKI0TL	1	1	0505	127.02796388888889	37.49804722222222	640	640	1	299	302
415	1566159117000	NkkKCg39xbLVQNL1msLIohdtLeIcbBAZYo3wYJVO4dYiCzRsBv29RzK1mNUKI0TL	1	1	0505	127.02796388888889	37.49804722222222	640	640	1	299	302
416	1566159360000	neC7AdZcrl3FEQ0Fhwc+/kgToZx2E5gxdfCNMaFfXi+KTILL4lvfr7Y59bpZ+DdZ	1	1	0404	127.02731666666666	37.49785277777778	640	640	1	221	262
417	1566159363000	neC7AdZcrl3FEQ0Fhwc+/kgToZx2E5gxdfCNMaFfXi+KTILL4lvfr7Y59bpZ+DdZ	1	1	0404	127.02731666666666	37.49785277777778	640	640	1	221	262
418	1566159366000	neC7AdZcrl3FEQ0Fhwc+/kgToZx2E5gxdfCNMaFfXi+KTILL4lvfr7Y59bpZ+DdZ	1	1	0404	127.02731666666666	37.49785277777778	640	640	1	221	262
419	1566159369000	neC7AdZcrl3FEQ0Fhwc+/kgToZx2E5gxdfCNMaFfXi+KTILL4lvfr7Y59bpZ+DdZ	1	1	0404	127.02731666666666	37.49785277777778	640	640	1	221	262
420	1566159372000	neC7AdZcrl3FEQ0Fhwc+/kgToZx2E5gxdfCNMaFfXi+KTILL4lvfr7Y59bpZ+DdZ	1	1	0404	127.02731666666666	37.49785277777778	640	640	1	221	262
421	1566159375000	neC7AdZcrl3FEQ0Fhwc+/kgToZx2E5gxdfCNMaFfXi+KTILL4lvfr7Y59bpZ+DdZ	1	1	0404	127.02731666666666	37.49785277777778	640	640	1	221	262
422	1566159378000	neC7AdZcrl3FEQ0Fhwc+/kgToZx2E5gxdfCNMaFfXi+KTILL4lvfr7Y59bpZ+DdZ	1	1	0404	127.02731666666666	37.49785277777778	640	640	1	221	262
423	1566159381000	neC7AdZcrl3FEQ0Fhwc+/kgToZx2E5gxdfCNMaFfXi+KTILL4lvfr7Y59bpZ+DdZ	1	1	0404	127.02731666666666	37.49785277777778	640	640	1	221	262
424	1566159384000	neC7AdZcrl3FEQ0Fhwc+/kgToZx2E5gxdfCNMaFfXi+KTILL4lvfr7Y59bpZ+DdZ	1	1	0404	127.02731666666666	37.49785277777778	640	640	1	221	262
425	1566159387000	neC7AdZcrl3FEQ0Fhwc+/kgToZx2E5gxdfCNMaFfXi+KTILL4lvfr7Y59bpZ+DdZ	1	1	0404	127.02731666666666	37.49785277777778	640	640	1	221	262
426	1566159390000	neC7AdZcrl3FEQ0Fhwc+/kgToZx2E5gxdfCNMaFfXi+KTILL4lvfr7Y59bpZ+DdZ	1	1	0404	127.02731666666666	37.49785277777778	640	640	1	221	262
427	1566159393000	neC7AdZcrl3FEQ0Fhwc+/kgToZx2E5gxdfCNMaFfXi+KTILL4lvfr7Y59bpZ+DdZ	1	1	0404	127.02731666666666	37.49785277777778	640	640	1	221	262
428	1566159396000	neC7AdZcrl3FEQ0Fhwc+/kgToZx2E5gxdfCNMaFfXi+KTILL4lvfr7Y59bpZ+DdZ	1	1	0404	127.02731666666666	37.49785277777778	640	640	1	221	262
429	1566159399000	neC7AdZcrl3FEQ0Fhwc+/kgToZx2E5gxdfCNMaFfXi+KTILL4lvfr7Y59bpZ+DdZ	1	1	0404	127.02731666666666	37.49785277777778	640	640	1	221	262
430	1566159402000	neC7AdZcrl3FEQ0Fhwc+/kgToZx2E5gxdfCNMaFfXi+KTILL4lvfr7Y59bpZ+DdZ	1	1	0404	127.02731666666666	37.49785277777778	640	640	1	221	262
431	1566159405000	neC7AdZcrl3FEQ0Fhwc+/kgToZx2E5gxdfCNMaFfXi+KTILL4lvfr7Y59bpZ+DdZ	1	1	0404	127.02731666666666	37.49785277777778	640	640	1	221	262
432	1566159408000	neC7AdZcrl3FEQ0Fhwc+/kgToZx2E5gxdfCNMaFfXi+KTILL4lvfr7Y59bpZ+DdZ	1	1	0404	127.02731666666666	37.49785277777778	640	640	1	221	262
433	1566159411000	neC7AdZcrl3FEQ0Fhwc+/kgToZx2E5gxdfCNMaFfXi+KTILL4lvfr7Y59bpZ+DdZ	1	1	0404	127.02737222222223	37.49786944444445	640	640	1	228	266
434	1566159414000	neC7AdZcrl3FEQ0Fhwc+/kgToZx2E5gxdfCNMaFfXi+KTILL4lvfr7Y59bpZ+DdZ	1	1	0504	127.0276138888889	37.49794444444444	640	640	1	257	281
435	1566159417000	neC7AdZcrl3FEQ0Fhwc+/kgToZx2E5gxdfCNMaFfXi+KTILL4lvfr7Y59bpZ+DdZ	1	1	0505	127.02794444444444	37.498041666666666	640	640	1	297	301
436	1566159480000	neC7AdZcrl3FEQ0Fhwc+/kgToZx2E5gxdfCNMaFfXi+KTILL4lvfr7Y59bpZ+DdZ	1	1	0911	127.03077777777777	37.49893055555555	640	640	1	636	484
437	1566159483000	neC7AdZcrl3FEQ0Fhwc+/kgToZx2E5gxdfCNMaFfXi+KTILL4lvfr7Y59bpZ+DdZ	1	1	0911	127.03077777777777	37.49893055555555	640	640	1	636	484
438	1566159486000	neC7AdZcrl3FEQ0Fhwc+/kgToZx2E5gxdfCNMaFfXi+KTILL4lvfr7Y59bpZ+DdZ	1	1	0911	127.03077777777777	37.49893055555555	640	640	1	636	484
439	1566161331000	vq1M3YasT93S06PR9e75HiKpehPizxDE9NH/t7yv9ai713ANLh7dpf5GGeFQ55Pu	1	1	0200	127.02555	37.49732777777778	640	640	1	10	154
440	1566161334000	vq1M3YasT93S06PR9e75HiKpehPizxDE9NH/t7yv9ai713ANLh7dpf5GGeFQ55Pu	1	1	0301	127.02597222222222	37.497455555555554	640	640	1	60	181
441	1566161337000	vq1M3YasT93S06PR9e75HiKpehPizxDE9NH/t7yv9ai713ANLh7dpf5GGeFQ55Pu	1	1	0302	127.02638055555556	37.497572222222225	640	640	1	109	205
442	1566161340000	vq1M3YasT93S06PR9e75HiKpehPizxDE9NH/t7yv9ai713ANLh7dpf5GGeFQ55Pu	1	1	0402	127.02677222222222	37.49768888888889	640	640	1	156	229
443	1566161343000	vq1M3YasT93S06PR9e75HiKpehPizxDE9NH/t7yv9ai713ANLh7dpf5GGeFQ55Pu	1	1	0403	127.02716666666667	37.49780833333333	640	640	1	203	253
444	1566161346000	vq1M3YasT93S06PR9e75HiKpehPizxDE9NH/t7yv9ai713ANLh7dpf5GGeFQ55Pu	1	1	0504	127.02758055555556	37.497933333333336	640	640	1	253	279
445	1566161349000	vq1M3YasT93S06PR9e75HiKpehPizxDE9NH/t7yv9ai713ANLh7dpf5GGeFQ55Pu	1	1	0505	127.02796388888889	37.49804722222222	640	640	1	299	302
446	1566161352000	vq1M3YasT93S06PR9e75HiKpehPizxDE9NH/t7yv9ai713ANLh7dpf5GGeFQ55Pu	1	1	0606	127.02836388888889	37.49818333333333	640	640	1	347	330
447	1566161355000	vq1M3YasT93S06PR9e75HiKpehPizxDE9NH/t7yv9ai713ANLh7dpf5GGeFQ55Pu	1	1	0607	127.02875	37.4983	640	640	1	393	354
448	1566161358000	vq1M3YasT93S06PR9e75HiKpehPizxDE9NH/t7yv9ai713ANLh7dpf5GGeFQ55Pu	1	1	0708	127.02915555555556	37.498425	640	640	1	442	380
449	1566161361000	vq1M3YasT93S06PR9e75HiKpehPizxDE9NH/t7yv9ai713ANLh7dpf5GGeFQ55Pu	1	1	0709	127.02953055555555	37.49854444444444	640	640	1	487	404
450	1566161364000	vq1M3YasT93S06PR9e75HiKpehPizxDE9NH/t7yv9ai713ANLh7dpf5GGeFQ55Pu	1	1	0709	127.02984444444445	37.498641666666664	640	640	1	525	424
451	1566161367000	vq1M3YasT93S06PR9e75HiKpehPizxDE9NH/t7yv9ai713ANLh7dpf5GGeFQ55Pu	1	1	0810	127.03009444444444	37.49871944444445	640	640	1	555	440
452	1566161370000	vq1M3YasT93S06PR9e75HiKpehPizxDE9NH/t7yv9ai713ANLh7dpf5GGeFQ55Pu	1	1	0810	127.0302138888889	37.498755555555555	640	640	1	569	448
453	1566161373000	vq1M3YasT93S06PR9e75HiKpehPizxDE9NH/t7yv9ai713ANLh7dpf5GGeFQ55Pu	1	1	0810	127.03026944444444	37.498775	640	640	1	576	452
454	1566161376000	vq1M3YasT93S06PR9e75HiKpehPizxDE9NH/t7yv9ai713ANLh7dpf5GGeFQ55Pu	1	1	0810	127.03026944444444	37.498775	640	640	1	576	452
455	1566161379000	vq1M3YasT93S06PR9e75HiKpehPizxDE9NH/t7yv9ai713ANLh7dpf5GGeFQ55Pu	1	1	0810	127.03026944444444	37.498775	640	640	1	576	452
456	1566161382000	vq1M3YasT93S06PR9e75HiKpehPizxDE9NH/t7yv9ai713ANLh7dpf5GGeFQ55Pu	1	1	0810	127.03026944444444	37.498775	640	640	1	576	452
457	1566161385000	vq1M3YasT93S06PR9e75HiKpehPizxDE9NH/t7yv9ai713ANLh7dpf5GGeFQ55Pu	1	1	0810	127.03026944444444	37.498775	640	640	1	576	452
458	1566161388000	vq1M3YasT93S06PR9e75HiKpehPizxDE9NH/t7yv9ai713ANLh7dpf5GGeFQ55Pu	1	1	0810	127.03026944444444	37.498775	640	640	1	576	452
459	1566161391000	vq1M3YasT93S06PR9e75HiKpehPizxDE9NH/t7yv9ai713ANLh7dpf5GGeFQ55Pu	1	1	0810	127.03026944444444	37.498775	640	640	1	576	452
460	1566161394000	vq1M3YasT93S06PR9e75HiKpehPizxDE9NH/t7yv9ai713ANLh7dpf5GGeFQ55Pu	1	1	0810	127.03026944444444	37.498775	640	640	1	576	452
461	1566161397000	vq1M3YasT93S06PR9e75HiKpehPizxDE9NH/t7yv9ai713ANLh7dpf5GGeFQ55Pu	1	1	0810	127.03026944444444	37.498775	640	640	1	576	452
